"DATE","ADMIN_DOSE1_DAILY","ADMIN_DOSE1_CUMULATIVE","ADMIN_DOSE2_DAILY","ADMIN_DOSE2_CUMULATIVE","ADMIN_SINGLE_DAILY","ADMIN_SINGLE_CUMULATIVE","ADMIN_ADDITIONAL1_DAILY","ADMIN_ADDITIONAL1_CUMULATIVE","ADMIN_ADDITIONAL2_DAILY","ADMIN_ADDITIONAL2_CUMULATIVE","ADMIN_ADDITIONAL_DAILY","ADMIN_ADDITIONAL_CUMULATIVE","ADMIN_BIVALENT_ADDITIONAL_DAILY","ADMIN_BIVALENT_ADDITIONAL_CUMULATIVE","ADMIN_ALLDOSES_DAILY","ADMIN_ALLDOSES_7DAYAVG","ADMIN_ALLDOSES_CUMULATIVE","ADMIN_ALLDOSES_PRIMARY","INCOMPLETE"
2020-12-14,79,79,0,0,2,2,0,0,0,0,0,0,0,0,81,,81,81,0
2020-12-15,2052,2131,7,7,5,7,0,0,0,0,0,0,0,0,2064,,2145,2145,0
2020-12-16,4604,6735,17,24,4,11,1,1,0,0,1,1,0,0,4626,,6771,6770,0
2020-12-17,4661,11396,18,42,2,13,1,2,0,0,1,2,0,0,4682,,11453,11451,0
2020-12-18,5834,17230,22,64,2,15,2,4,0,0,2,4,0,0,5860,,17313,17309,0
2020-12-19,1688,18918,9,73,3,18,0,4,0,0,0,4,0,0,1700,,19013,19009,0
2020-12-20,1118,20036,2,75,1,19,0,4,0,0,0,4,0,0,1121,2876.29,20134,20130,0
2020-12-21,6391,26427,23,98,0,19,4,8,0,0,4,8,0,0,6418,3781.57,26552,26544,0
2020-12-22,9765,36192,29,127,2,21,1,9,0,0,1,9,0,0,9797,4886.29,36349,36340,0
2020-12-23,14275,50467,38,165,3,24,0,9,0,0,0,9,0,0,14316,6270.57,50665,50656,0
2020-12-24,7170,57637,28,193,1,25,0,9,0,0,0,9,0,0,7199,6630.14,57864,57855,0
2020-12-25,180,57817,0,193,0,25,1,10,0,0,1,10,0,0,181,5818.86,58045,58035,0
2020-12-26,4391,62208,48,241,0,25,1,11,0,0,1,11,0,0,4440,6210.29,62485,62474,0
2020-12-27,3869,66077,15,256,0,25,1,12,0,0,1,12,0,0,3885,6605.14,66370,66358,0
2020-12-28,10991,77068,51,307,1,26,3,15,0,0,3,15,0,0,11046,7266.29,77416,77401,0
2020-12-29,10712,87780,37,344,2,28,3,18,0,0,3,18,0,0,10754,7403,88170,88152,0
2020-12-30,12820,100600,45,389,0,28,0,18,0,0,0,18,0,0,12865,7195.71,101035,101017,0
2020-12-31,7258,107858,38,427,1,29,0,18,0,0,0,18,0,0,7297,7209.71,108332,108314,0
2021-01-01,178,108036,2,429,1,30,3,21,0,0,3,21,0,0,184,7210.14,108516,108495,0
2021-01-02,3810,111846,10,439,3,33,2,23,0,0,2,23,0,0,3825,7122.29,112341,112318,0
2021-01-03,3545,115391,24,463,2,35,1,24,0,0,1,24,0,0,3572,7077.57,115913,115889,0
2021-01-04,12250,127641,811,1274,2,37,7,31,0,0,7,31,0,0,13070,7366.71,128983,128952,0
2021-01-05,14085,141726,2198,3472,2,39,14,45,1,1,15,46,0,0,16300,8159,145283,145237,0
2021-01-06,17794,159520,3929,7401,1,40,33,78,8,9,41,87,0,0,21765,9430.43,167048,166961,0
2021-01-07,16538,176058,5186,12587,4,44,46,124,3,12,49,136,0,0,21777,11499,188825,188689,0
2021-01-08,16609,192667,5464,18051,0,44,37,161,5,17,42,178,0,0,22115,14632,210940,210762,0
2021-01-09,7648,200315,1464,19515,1,45,8,169,2,19,10,188,0,0,9123,15388.86,220063,219875,0
2021-01-10,7878,208193,980,20495,0,45,14,183,0,19,14,202,0,0,8872,16146,228935,228733,0
2021-01-11,25809,234002,7463,27958,2,47,58,241,6,25,64,266,0,0,33338,19041.43,262273,262007,0
2021-01-12,28240,262242,7867,35825,1,48,47,288,4,29,51,317,0,0,36159,21878.43,298432,298115,0
2021-01-13,31697,293939,9425,45250,1,49,60,348,5,34,65,382,0,0,41188,24653.14,339620,339238,0
2021-01-14,35794,329733,5306,50556,1,50,33,381,7,41,40,422,0,0,41141,27419.43,380761,380339,0
2021-01-15,29247,358980,3715,54271,2,52,33,414,6,47,39,461,0,0,33003,28974.86,413764,413303,0
2021-01-16,30257,389237,2398,56669,0,52,25,439,6,53,31,492,0,0,32686,32341,446450,445958,0
2021-01-17,23725,412962,1646,58315,0,52,20,459,1,54,21,513,0,0,25392,34701,471842,471329,0
2021-01-18,27079,440041,2428,60743,0,52,37,496,7,61,44,557,0,0,29552,34160.14,501394,500837,0
2021-01-19,34265,474306,9645,70388,1,53,73,569,8,69,81,638,0,0,43992,35279.14,545386,544748,0
2021-01-20,34845,509151,9505,79893,1,54,62,631,3,72,65,703,0,0,44416,35740.29,589802,589099,0
2021-01-21,25571,534722,8099,87992,2,56,55,686,5,77,60,763,0,0,33732,34681.86,623534,622771,0
2021-01-22,24740,559462,4387,92379,1,57,31,717,7,84,38,801,0,0,29166,34133.71,652700,651899,0
2021-01-23,15733,575195,3226,95605,0,57,12,729,2,86,14,815,0,0,18973,32174.71,671673,670858,0
2021-01-24,7169,582364,3460,99065,0,57,20,749,1,87,21,836,0,0,10650,30068.71,682323,681487,0
2021-01-25,13390,595754,11833,110898,0,57,70,819,13,100,83,919,0,0,25306,29462.14,707629,706710,0
2021-01-26,16746,612500,10764,121662,0,57,69,888,3,103,73,992,0,0,27583,27118,735212,734221,0
2021-01-27,20818,633318,12355,134017,0,57,55,943,9,112,64,1056,0,0,33239,25521.29,768451,767396,0
2021-01-28,30726,664044,12859,146876,0,57,86,1029,16,128,102,1158,0,0,43690,26943.86,812141,810984,0
2021-01-29,31665,695709,11515,158391,0,57,85,1114,11,139,96,1254,0,0,43276,28959.57,855417,854164,0
2021-01-30,18705,714414,3743,162134,0,57,23,1137,2,141,26,1280,0,0,22474,29459.71,877891,876613,0
2021-01-31,13005,727419,2931,165065,1,58,28,1165,5,146,33,1313,0,0,15970,30219.71,893861,892550,0
2021-02-01,1180,728599,5400,170465,4,62,37,1202,4,150,41,1354,0,0,6625,27551,900486,899134,0
2021-02-02,2823,731422,9441,179906,2,64,55,1257,3,153,58,1412,0,0,12324,25371.14,912810,911400,0
2021-02-03,16341,747763,21233,201139,4,68,217,1474,22,175,239,1651,0,0,37817,26025.14,950627,948978,0
2021-02-04,27031,774794,19652,220791,3,71,213,1687,10,185,223,1874,0,0,46909,26485,997536,995664,0
2021-02-05,27574,802368,20030,240821,0,71,197,1884,16,201,214,2088,0,0,47818,27133.86,1045354,1043269,0
2021-02-06,22971,825339,11251,252072,0,71,118,2002,13,214,131,2219,0,0,34353,28830.86,1079707,1077491,0
2021-02-07,12029,837368,8284,260356,1,72,99,2101,12,226,112,2331,0,0,20426,29467.43,1100133,1097806,0
2021-02-08,16934,854302,23528,283884,2,74,240,2341,37,263,278,2609,0,0,40742,34341.29,1140875,1138271,0
2021-02-09,17183,871485,28087,311971,2,76,361,2702,42,305,406,3015,0,0,45678,39106.14,1186553,1183546,0
2021-02-10,19577,891062,29305,341276,2,78,272,2974,53,358,328,3343,0,0,49213,40734.14,1235766,1232434,0
2021-02-11,27826,918888,33454,374730,2,80,359,3333,59,417,418,3761,0,0,61702,42847.43,1297468,1293718,0
2021-02-12,38344,957232,30811,405541,3,83,368,3701,42,459,411,4172,0,0,69569,45954.71,1367037,1362877,0
2021-02-13,27978,985210,25316,430857,2,85,317,4018,59,518,377,4549,0,0,53674,48714.86,1420711,1416175,0
2021-02-14,16256,1001466,23722,454579,0,85,282,4300,35,553,317,4866,0,0,40295,51553.29,1461006,1456153,0
2021-02-15,12788,1014254,10525,465104,2,87,182,4482,24,577,207,5073,0,0,23522,49093.29,1484528,1479469,0
2021-02-16,14229,1028483,26706,491810,0,87,345,4827,41,618,387,5460,0,0,41322,48471,1525850,1520405,0
2021-02-17,16376,1044859,22194,514004,1,88,289,5116,42,660,331,5791,0,0,38902,46998,1564752,1558976,0
2021-02-18,12131,1056990,24983,538987,21,109,308,5424,47,707,355,6146,0,0,37490,43539.14,1602242,1596111,0
2021-02-19,13236,1070226,23923,562910,38,147,317,5741,49,756,366,6512,0,0,37563,38966.86,1639805,1633308,0
2021-02-20,11339,1081565,26070,588980,7,154,340,6081,79,835,421,6933,0,0,37838,36704.57,1677643,1670727,0
2021-02-21,6345,1087910,17412,606392,15,169,304,6385,46,881,351,7284,0,0,24123,34394.29,1701766,1694500,0
2021-02-22,13040,1100950,11835,618227,2,171,133,6518,22,903,155,7439,0,0,25032,34610,1726798,1719377,0
2021-02-23,25222,1126172,14150,632377,1,172,169,6687,35,938,205,7644,0,0,39579,34361,1766377,1758752,0
2021-02-24,36319,1162491,20406,652783,0,172,235,6922,43,981,279,7923,0,0,57004,36947,1823381,1815478,0
2021-02-25,54510,1217001,30453,683236,6,178,417,7339,65,1046,483,8406,0,0,85452,43798.71,1908833,1900448,0
2021-02-26,62783,1279784,31902,715138,4,182,429,7768,79,1125,511,8917,0,0,95200,52032.57,2004033,1995140,0
2021-02-27,51254,1331038,22754,737892,47,229,358,8126,54,1179,413,9330,0,0,74468,57265.43,2078501,2069196,0
2021-02-28,44542,1375580,13855,751747,7,236,208,8334,37,1216,245,9575,0,0,58649,62197.71,2137150,2127600,0
2021-03-01,39298,1414878,12785,764532,10,246,173,8507,24,1240,197,9772,0,0,52290,66091.71,2189440,2179693,0
2021-03-02,47070,1461948,12578,777110,7,253,160,8667,17,1257,177,9949,0,0,59832,68985,2249272,2239348,0
2021-03-03,48589,1510537,16152,793262,17,270,158,8825,21,1278,179,10128,0,0,64937,70118.29,2314209,2304106,0
2021-03-04,59794,1570331,22817,816079,1092,1362,278,9103,38,1316,318,10446,0,0,84021,69913.86,2398230,2387811,0
2021-03-05,60943,1631274,24293,840372,3107,4469,338,9441,36,1352,376,10822,0,0,88719,68988,2486949,2476156,0
2021-03-06,47144,1678418,18886,859258,5451,9920,247,9688,42,1394,289,11111,0,0,71770,68602.57,2558719,2547637,0
2021-03-07,36015,1714433,14885,874143,6244,16164,241,9929,23,1417,266,11377,0,0,57410,68425.57,2616129,2604783,0
2021-03-08,39601,1754034,14687,888830,8555,24719,325,10254,92,1509,422,11799,0,0,63265,69993.43,2679394,2667631,0
2021-03-09,39079,1793113,12857,901687,7758,32477,190,10444,35,1544,226,12025,0,0,59920,70006,2739314,2727326,0
2021-03-10,51804,1844917,15368,917055,5064,37541,230,10674,34,1578,266,12291,0,0,72502,71086.71,2811816,2799564,0
2021-03-11,59958,1904875,21825,938880,4618,42159,260,10934,48,1626,310,12601,0,0,86711,71471,2898527,2885967,0
2021-03-12,52169,1957044,30303,969183,4182,46341,391,11325,90,1716,481,13082,0,0,87135,71244.71,2985662,2972621,0
2021-03-13,40634,1997678,26678,995861,5110,51451,339,11664,57,1773,396,13478,0,0,72819,71394.57,3058481,3045044,0
2021-03-14,30695,2028373,15970,1011831,4522,55973,256,11920,28,1801,286,13764,0,0,51474,70546.57,3109955,3096234,0
2021-03-15,33578,2061951,17259,1029090,4702,60675,244,12164,33,1834,277,14041,0,0,55816,69482.43,3165771,3151773,0
2021-03-16,38656,2100607,20513,1049603,4923,65598,270,12434,36,1870,307,14348,0,0,64399,70122.29,3230170,3215866,0
2021-03-17,42597,2143204,24786,1074389,4242,69840,355,12789,42,1912,398,14746,0,0,72023,70053.86,3302193,3287492,0
2021-03-18,50405,2193609,26809,1101198,5224,75064,391,13180,65,1977,456,15202,0,0,82894,69508.57,3385087,3369930,0
2021-03-19,47758,2241367,29965,1131163,5622,80686,411,13591,75,2052,486,15688,0,0,83832,69036.71,3468919,3453276,0
2021-03-20,38688,2280055,25834,1156997,4681,85367,313,13904,60,2112,374,16062,0,0,69577,68573.57,3538496,3522480,0
2021-03-21,29282,2309337,19354,1176351,769,86136,233,14137,45,2157,278,16340,0,0,49683,68317.71,3588179,3571885,0
2021-03-22,33848,2343185,26752,1203103,4037,90173,261,14398,38,2195,300,16640,0,0,64938,69620.86,3653117,3636524,0
2021-03-23,38412,2381597,32849,1235952,4213,94386,307,14705,55,2250,366,17006,0,0,75840,71255.29,3728957,3712002,0
2021-03-24,41469,2423066,37615,1273567,4843,99229,340,15045,64,2314,407,17413,0,0,84334,73014,3813291,3795932,0
2021-03-25,43383,2466449,50780,1324347,5050,104279,497,15542,88,2402,589,18002,0,0,99802,75429.43,3913093,3895149,0
2021-03-26,38479,2504928,55495,1379842,4307,108586,547,16089,107,2509,658,18660,0,0,98939,77587.57,4012032,3993434,0
2021-03-27,35716,2540644,45742,1425584,2938,111524,440,16529,86,2595,527,19187,0,0,84923,79779.86,4096955,4077831,0
2021-03-28,26371,2567015,34447,1460031,1481,113005,351,16880,67,2662,422,19609,0,0,62721,81642.43,4159676,4140134,0
2021-03-29,34796,2601811,38857,1498888,3243,116248,367,17247,115,2777,483,20092,0,0,77379,83419.71,4237055,4217031,0
2021-03-30,40482,2642293,41923,1540811,3712,119960,353,17600,66,2843,420,20512,0,0,86537,84947.86,4323592,4303149,0
2021-03-31,49364,2691657,44875,1585686,7438,127398,424,18024,87,2930,511,21023,0,0,102188,87498.43,4425780,4404826,0
2021-04-01,50756,2742413,53941,1639627,11272,138670,519,18543,86,3016,609,21632,0,0,116578,89895,4542358,4520799,0
2021-04-02,43748,2786161,53867,1693494,11963,150633,567,19110,72,3088,644,22276,0,0,110222,91506.86,4652580,4630382,0
2021-04-03,39235,2825396,39206,1732700,9859,160492,353,19463,60,3148,414,22690,0,0,88714,92048.43,4741294,4718683,0
2021-04-04,26547,2851943,24778,1757478,3902,164394,232,19695,51,3199,283,22973,0,0,55510,91018.29,4796804,4773910,0
2021-04-05,41857,2893800,34475,1791953,11194,175588,396,20091,61,3260,458,23431,0,0,87984,92533.29,4884788,4861437,0
2021-04-06,53234,2947034,35615,1827568,13213,188801,452,20543,79,3339,532,23963,0,0,102594,94827.14,4987382,4963500,0
2021-04-07,55470,3002504,40705,1868273,14387,203188,417,20960,83,3422,502,24465,0,0,111064,96095.14,5098446,5074064,0
2021-04-08,59230,3061734,46581,1914854,16335,219523,548,21508,88,3510,637,25102,0,0,122783,96981.57,5221229,5196211,0
2021-04-09,56620,3118354,44944,1959798,17555,237078,547,22055,81,3591,633,25735,0,0,119752,98343,5340981,5315335,0
2021-04-10,49325,3167679,35642,1995440,12716,249794,405,22460,64,3655,473,26208,0,0,98156,99691.86,5439137,5413022,0
2021-04-11,38155,3205834,28826,2024266,7679,257473,303,22763,61,3716,365,26573,0,0,75025,102479.71,5514162,5487683,0
2021-04-12,46616,3252450,31834,2056100,13493,270966,479,23242,69,3785,548,27121,0,0,92491,103123.57,5606653,5579626,0
2021-04-13,52527,3304977,33790,2089890,369,271335,415,23657,65,3850,481,27602,0,0,87167,100919.71,5693820,5666313,0
2021-04-14,50128,3355105,39954,2129844,20,271355,377,24034,79,3929,457,28059,0,0,90559,97990.43,5784379,5756416,0
2021-04-15,52103,3407208,43689,2173533,16,271371,464,24498,107,4036,576,28635,0,0,96385,94219.29,5880764,5852230,0
2021-04-16,51172,3458380,42201,2215734,32,271403,450,24948,75,4111,528,29163,0,0,93933,90530.86,5974697,5945638,0
2021-04-17,43822,3502202,35689,2251423,3,271406,378,25326,85,4196,465,29628,0,0,79979,87934.14,6054676,6025154,0
2021-04-18,28594,3530796,29361,2280784,7,271413,268,25594,66,4262,335,29963,0,0,58297,85544.43,6112973,6083117,0
2021-04-19,37440,3568236,36448,2317232,21,271434,345,25939,71,4333,418,30381,0,0,74327,82949.57,6187300,6157028,0
2021-04-20,40786,3609022,39626,2356858,19,271453,321,26260,84,4417,406,30787,0,0,80837,82045.29,6268137,6237460,0
2021-04-21,38872,3647894,46026,2402884,17,271470,511,26771,99,4516,611,31398,0,0,85526,81326.29,6353663,6322376,0
2021-04-22,38474,3686368,48954,2451838,9,271479,355,27126,79,4595,436,31834,0,0,87874,80110.43,6441537,6409816,0
2021-04-23,39679,3726047,44384,2496222,3,271482,364,27490,76,4671,442,32276,0,0,84508,78764,6526045,6493884,0
2021-04-24,31921,3757968,41603,2537825,44,271526,289,27779,63,4734,353,32629,0,0,73921,77898.57,6599966,6567453,0
2021-04-25,18412,3776380,31215,2569040,87,271613,207,27986,61,4795,268,32897,0,0,49982,76710.71,6649948,6617167,0
2021-04-26,26954,3803334,40716,2609756,1012,272625,309,28295,95,4890,409,33306,0,0,69091,75962.71,6719039,6685854,0
2021-04-27,28548,3831882,47128,2656884,1696,274321,378,28673,99,4989,482,33788,0,0,77854,75536.57,6796893,6763231,0
2021-04-28,27007,3858889,56840,2713724,2146,276467,457,29130,102,5091,562,34350,0,0,86555,75683.57,6883448,6849227,0
2021-04-29,28581,3887470,57201,2770925,2150,278617,379,29509,104,5195,485,34835,0,0,88417,75761.14,6971865,6937161,0
2021-04-30,30098,3917568,51990,2822915,2059,280676,295,29804,76,5271,372,35207,0,0,84520,75762.86,7056385,7021310,0
2021-05-01,22472,3940040,44534,2867449,1177,281853,237,30041,68,5339,307,35514,0,0,68490,74987,7124875,7089495,0
2021-05-02,11916,3951956,36636,2904085,1081,282934,156,30197,58,5397,216,35730,0,0,49849,74968,7174724,7139130,0
2021-05-03,18006,3969962,53018,2957103,2380,285314,270,30467,94,5491,366,36096,0,0,73772,75636.71,7248496,7212538,0
2021-05-04,22723,3992685,56642,3013745,2332,287646,276,30743,118,5609,395,36491,0,0,82093,76242.29,7330589,7294237,0
2021-05-05,21471,4014156,48755,3062500,2313,289959,318,31061,105,5714,424,36915,0,0,72964,74300.71,7403553,7366778,0
2021-05-06,20669,4034825,50177,3112677,2508,292467,283,31344,91,5805,378,37293,0,0,73732,72202.86,7477285,7440136,0
2021-05-07,21230,4056055,52103,3164780,2812,295279,322,31666,81,5886,404,37697,0,0,76549,71064.14,7553834,7516282,0
2021-05-08,16616,4072671,41865,3206645,1834,297113,238,31904,73,5959,311,38008,0,0,60626,69940.71,7614460,7576597,0
2021-05-09,7966,4080637,29405,3236050,1260,298373,157,32061,56,6015,213,38221,0,0,38844,68368.57,7653304,7615228,0
2021-05-10,14370,4095007,38524,3274574,2356,300729,252,32313,94,6109,350,38571,0,0,55601,65772.71,7708905,7670483,0
2021-05-11,19891,4114898,43056,3317630,2512,303241,297,32610,89,6198,391,38962,0,0,65851,63452.43,7774756,7735948,0
2021-05-12,17809,4132707,40532,3358162,3595,306836,245,32855,81,6279,326,39288,0,0,62262,61923.57,7837018,7797884,0
2021-05-13,24945,4157652,40426,3398588,3229,310065,274,33129,81,6360,357,39645,0,0,68958,61241.57,7905976,7866487,0
2021-05-14,27003,4184655,42943,3441531,3535,313600,279,33408,95,6455,376,40021,0,0,73857,60857,7979833,7939970,0
2021-05-15,23637,4208292,34921,3476452,3364,316964,262,33670,75,6530,338,40359,0,0,62260,61090.43,8042093,8001893,0
2021-05-16,15513,4223805,19461,3495913,2496,319460,123,33793,47,6577,171,40530,0,0,37641,60918.57,8079734,8039364,0
2021-05-17,22660,4246465,29138,3525051,3252,322712,191,33984,72,6649,263,40793,0,0,55313,60877.43,8135047,8094414,0
2021-05-18,24613,4271078,31902,3556953,3402,326114,249,34233,84,6733,333,41126,0,0,60250,60077.29,8195297,8154331,0
2021-05-19,24170,4295248,29729,3586682,3040,329154,234,34467,51,6784,286,41412,0,0,57225,59357.71,8252522,8211271,0
2021-05-20,24131,4319379,30102,3616784,3163,332317,276,34743,90,6874,371,41783,0,0,57767,57759,8310289,8268672,0
2021-05-21,24662,4344041,32004,3648788,3057,335374,253,34996,63,6937,319,42102,0,0,60042,55785.43,8370331,8328398,0
2021-05-22,20008,4364049,24373,3673161,2523,337897,171,35167,48,6985,220,42322,0,0,47124,53623.14,8417455,8375303,0
2021-05-23,11223,4375272,13735,3686896,1411,339308,95,35262,32,7017,129,42451,0,0,26498,52031.29,8443953,8401674,0
2021-05-24,18855,4394127,23167,3710063,2757,342065,221,35483,55,7072,279,42730,0,0,45058,50566.29,8489011,8446456,0
2021-05-25,19414,4413541,23384,3733447,2601,344666,179,35662,59,7131,238,42968,0,0,45637,48478.71,8534648,8491855,0
2021-05-26,18772,4432313,21089,3754536,2698,347364,206,35868,49,7180,257,43225,0,0,42816,46420.29,8577464,8534416,0
2021-05-27,18450,4450763,21284,3775820,2530,349894,185,36053,62,7242,248,43473,0,0,42512,44241,8619976,8576681,0
2021-05-28,17851,4468614,22876,3798696,2751,352645,193,36246,59,7301,253,43726,0,0,43731,41910.86,8663707,8620160,0
2021-05-29,12701,4481315,17815,3816511,1755,354400,107,36353,39,7340,147,43873,0,0,32418,39810,8696125,8652432,0
2021-05-30,7024,4488339,8950,3825461,1074,355474,50,36403,16,7356,66,43939,0,0,17114,38469.43,8713239,8669480,0
2021-05-31,4739,4493078,6922,3832383,1011,356485,66,36469,18,7374,84,44023,0,0,12756,33854.86,8725995,8682152,0
2021-06-01,16041,4509119,25191,3857574,2177,358662,160,36629,43,7417,207,44230,0,0,43616,33566.14,8769611,8725565,0
2021-06-02,15351,4524470,20401,3877975,2095,360757,141,36770,47,7464,188,44418,0,0,38035,32883.14,8807646,8763412,0
2021-06-03,14992,4539462,23824,3901799,2280,363037,134,36904,45,7509,181,44599,0,0,41277,32706.71,8848923,8804510,0
2021-06-04,14708,4554170,26003,3927802,2492,365529,152,37056,42,7551,195,44794,0,0,43399,32659.29,8892322,8847715,0
2021-06-05,10979,4565149,22103,3949905,1806,367335,117,37173,29,7580,147,44941,0,0,35035,33033.14,8927357,8882604,0
2021-06-06,6443,4571592,14483,3964388,1222,368557,92,37265,13,7593,106,45047,0,0,22254,33767.43,8949611,8904753,0
2021-06-07,11694,4583286,21781,3986169,2378,370935,146,37411,38,7631,187,45234,0,0,36040,37093.71,8985651,8940609,0
2021-06-08,12622,4595908,24020,4010189,2071,373006,128,37539,46,7677,175,45409,0,0,38888,36418.29,9024539,8979323,0
2021-06-09,11122,4607030,23024,4033213,2300,375306,141,37680,44,7721,187,45596,0,0,36633,36218,9061172,9015771,0
2021-06-10,12054,4619084,22234,4055447,2461,377767,147,37827,63,7784,210,45806,0,0,36960,35601.29,9098132,9052521,0
2021-06-11,12691,4631775,25128,4080575,2483,380250,161,37988,63,7847,225,46031,0,0,40527,35191,9138659,9092824,0
2021-06-12,10158,4641933,19318,4099893,1888,382138,97,38085,45,7892,144,46175,0,0,31508,34687.14,9170167,9124190,0
2021-06-13,4249,4646182,10939,4110832,1219,383357,42,38127,21,7913,63,46238,0,0,16472,33861.14,9186639,9140599,0
2021-06-14,10199,4656381,19240,4130072,2040,385397,136,38263,53,7966,189,46427,0,0,31668,33236.57,9218307,9172078,0
2021-06-15,11879,4668260,21015,4151087,1942,387339,132,38395,41,8007,175,46602,0,0,35012,32682.86,9253319,9206917,0
2021-06-16,11581,4679841,19401,4170488,1956,389295,152,38547,74,8081,226,46828,0,0,33164,32187.29,9286483,9239855,0
2021-06-17,11016,4690857,18759,4189247,1973,391268,132,38679,35,8116,169,46997,0,0,31917,31466.86,9318400,9271605,0
2021-06-18,12163,4703020,18494,4207741,2115,393383,121,38800,37,8153,159,47156,0,0,32932,30381.86,9351332,9304379,0
2021-06-19,8490,4711510,13517,4221258,1459,394842,91,38891,22,8175,113,47269,0,0,23579,29249.14,9374911,9327845,0
2021-06-20,4333,4715843,7159,4228417,924,395766,37,38928,16,8191,53,47322,0,0,12469,28677.29,9387380,9340261,0
2021-06-21,10152,4725995,10014,4238431,1806,397572,73,39001,28,8219,102,47424,0,0,22074,27306.71,9409454,9362234,0
2021-06-22,9829,4735824,15644,4254075,1588,399160,108,39109,29,8248,137,47561,0,0,27198,26190.43,9436652,9389295,0
2021-06-23,10303,4746127,15187,4269262,1862,401022,104,39213,31,8279,136,47697,0,0,27488,25379.57,9464140,9416648,0
2021-06-24,9678,4755805,14702,4283964,1798,402820,125,39338,27,8306,154,47851,0,0,26332,24581.71,9490472,9442828,0
2021-06-25,10584,4766389,14383,4298347,1720,404540,120,39458,38,8344,158,48009,0,0,26845,23712.14,9517317,9469515,0
2021-06-26,7798,4774187,10465,4308812,1249,405789,79,39537,23,8367,103,48112,0,0,19615,23145.86,9536932,9489028,0
2021-06-27,4997,4779184,6002,4314814,795,406584,34,39571,15,8382,50,48162,0,0,11844,23056.57,9548776,9500823,0
2021-06-28,9028,4788212,10351,4325165,1526,408110,110,39681,26,8408,137,48299,0,0,21042,22909.14,9569818,9521729,0
2021-06-29,9729,4797941,12332,4337497,1347,409457,126,39807,34,8442,161,48460,0,0,23569,22390.71,9593387,9545138,0
2021-06-30,9425,4807366,10932,4348429,1486,410943,151,39958,18,8460,172,48632,0,0,22015,21608.86,9615402,9566984,0
2021-07-01,9391,4816757,10927,4359356,1434,412377,132,40090,25,8485,159,48791,0,0,21911,20977.29,9637313,9588738,0
2021-07-02,9688,4826445,11457,4370813,1541,413918,119,40209,21,8506,140,48931,0,0,22827,20403.29,9660140,9611425,0
2021-07-03,7058,4833503,8423,4379236,1192,415110,79,40288,17,8523,96,49027,0,0,16769,19996.71,9676909,9628098,0
2021-07-04,1286,4834789,1335,4380571,567,415677,11,40299,3,8526,14,49041,0,0,3202,18762.14,9680111,9631286,0
2021-07-05,6492,4841281,7108,4387679,1207,416884,67,40366,22,8548,89,49130,0,0,14896,17884.14,9695007,9646093,0
2021-07-06,9506,4850787,12854,4400533,1315,418199,117,40483,38,8586,156,49286,0,0,23831,17921.57,9718838,9669769,0
2021-07-07,8661,4859448,11107,4411640,1418,419617,129,40612,21,8607,150,49436,0,0,21336,17824.57,9740174,9690955,0
2021-07-08,8216,4867664,10190,4421830,1258,420875,111,40723,23,8630,136,49572,0,0,19800,17523,9759974,9710621,0
2021-07-09,8370,4876034,10831,4432661,1280,422155,92,40815,20,8650,112,49684,0,0,20593,17203.86,9780567,9731102,0
2021-07-10,7098,4883132,8636,4441297,1131,423286,67,40882,21,8671,89,49773,0,0,16954,17230.29,9797521,9747968,0
2021-07-11,4104,4887236,4540,4445837,701,423987,38,40920,6,8677,44,49817,0,0,9389,18114.14,9806910,9757313,0
2021-07-12,8446,4895682,9563,4455400,1251,425238,85,41005,23,8700,108,49925,0,0,19368,18753,9826278,9776573,0
2021-07-13,9457,4905139,9395,4464795,952,426190,109,41114,36,8736,147,50072,0,0,19951,18198.71,9846229,9796379,0
2021-07-14,8991,4914130,9534,4474329,1010,427200,110,41224,22,8758,136,50208,0,0,19671,17960.86,9865900,9815918,0
2021-07-15,8790,4922920,9156,4483485,1052,428252,85,41309,20,8778,106,50314,0,0,19104,17861.43,9885004,9834917,0
2021-07-16,9247,4932167,9765,4493250,980,429232,104,41413,29,8807,133,50447,0,0,20125,17794.57,9905129,9854909,0
2021-07-17,6838,4939005,7389,4500639,803,430035,80,41493,21,8828,101,50548,0,0,15131,17534.14,9920260,9869939,0
2021-07-18,4252,4943257,4286,4504925,575,430610,36,41529,14,8842,50,50598,0,0,9163,17501.86,9929423,9879052,0
2021-07-19,9118,4952375,8486,4513411,999,431609,93,41622,22,8864,116,50714,0,0,18719,17409.14,9948142,9897656,0
2021-07-20,10638,4963013,8762,4522173,991,432600,96,41718,25,8889,122,50836,0,0,20513,17489.43,9968655,9918048,0
2021-07-21,10050,4973063,8776,4530949,904,433504,149,41867,33,8922,182,51018,0,0,19912,17523.86,9988567,9937778,0
2021-07-22,10686,4983749,8584,4539533,1045,434549,146,42013,27,8949,174,51192,0,0,20489,17721.71,10009056,9958094,0
2021-07-23,11245,4994994,8887,4548420,1114,435663,140,42153,23,8972,165,51357,0,0,21411,17905.43,10030467,9979342,0
2021-07-24,7400,5002394,6741,4555161,670,436333,82,42235,26,8998,109,51466,0,0,14920,17875.29,10045387,9994154,0
2021-07-25,5470,5007864,2130,4557291,509,436842,58,42293,4,9002,62,51528,0,0,8171,17733.57,10053558,10002263,0
2021-07-26,10864,5018728,7011,4564302,856,437698,113,42406,20,9022,133,51661,0,0,18864,17754.29,10072422,10020994,0
2021-07-27,12058,5030786,8573,4572875,856,438554,140,42546,41,9063,182,51843,0,0,21669,17919.43,10094091,10042482,0
2021-07-28,12003,5042789,8057,4580932,950,439504,138,42684,29,9092,168,52011,0,0,21178,18100.29,10115269,10063493,0
2021-07-29,10923,5053712,7437,4588369,983,440487,139,42823,41,9133,184,52195,0,0,19527,17962.86,10134796,10082840,0
2021-07-30,14945,5068657,8014,4596383,1151,441638,188,43011,32,9165,222,52417,0,0,24332,18380.14,10159128,10106952,0
2021-07-31,9718,5078375,6325,4602708,815,442453,122,43133,20,9185,143,52560,0,0,17001,18677.43,10176129,10123811,0
2021-08-01,6497,5084872,3313,4606021,564,443017,81,43214,22,9207,103,52663,0,0,10477,19006.86,10186606,10134185,0
2021-08-02,13448,5098320,7154,4613175,845,443862,150,43364,19,9226,169,52832,0,0,21616,19400,10208222,10155632,0
2021-08-03,15401,5113721,8392,4621567,1109,444971,146,43510,39,9265,186,53018,0,0,25088,19888.43,10233310,10180535,0
2021-08-04,17253,5130974,8136,4629703,1454,446425,183,43693,36,9301,219,53237,0,0,27062,20729,10260372,10207378,0
2021-08-05,17880,5148854,7935,4637638,1371,447796,162,43855,22,9323,184,53421,0,0,27370,21849.43,10287742,10234564,0
2021-08-06,18169,5167023,8422,4646060,1230,449026,171,44026,32,9355,203,53624,0,0,28024,22376.86,10315766,10262385,0
2021-08-07,13376,5180399,6019,4652079,800,449826,105,44131,29,9384,134,53758,0,0,20329,22852.29,10336095,10282580,0
2021-08-08,9309,5189708,3834,4655913,400,450226,84,44215,10,9394,94,53852,0,0,13637,23303.71,10349732,10296123,0
2021-08-09,21334,5211042,8529,4664442,965,451191,178,44393,34,9428,213,54065,0,0,31041,24650.14,10380773,10326952,0
2021-08-10,18946,5229988,9333,4673775,946,452137,181,44574,33,9461,215,54280,0,0,29440,25271.86,10410213,10356178,0
2021-08-11,15641,5245629,8313,4682088,853,452990,132,44706,46,9507,179,54459,0,0,24986,24975.29,10435199,10380986,0
2021-08-12,15048,5260677,8989,4691077,942,453932,179,44885,37,9544,218,54677,0,0,25197,24664.86,10460396,10405967,0
2021-08-13,14912,5275589,9294,4700371,919,454851,247,45132,38,9582,286,54963,0,0,25412,24291.71,10485808,10431094,0
2021-08-14,10392,5285981,6413,4706784,625,455476,537,45669,41,9623,581,55544,0,0,18011,23960.57,10503819,10448527,0
2021-08-15,6687,5292668,4483,4711267,676,456152,568,46237,33,9656,605,56149,0,0,12451,23791.14,10516270,10460377,0
2021-08-16,15697,5308365,9310,4720577,1149,457301,1330,47567,68,9724,1403,57552,0,0,27559,23293.71,10543829,10486538,0
2021-08-17,17754,5326119,10457,4731034,1229,458530,1779,49346,85,9809,1879,59431,0,0,31319,23562.14,10575148,10515993,0
2021-08-18,17477,5343596,10383,4741417,1262,459792,2003,51349,91,9900,2105,61536,0,0,31227,24453.71,10606375,10545126,0
2021-08-19,16284,5359880,9530,4750947,1315,461107,1962,53311,69,9969,2045,63581,0,0,29174,25021.86,10635549,10572269,0
2021-08-20,16259,5376139,11542,4762489,1252,462359,1870,55181,89,10058,1973,65554,0,0,31026,25823.86,10666575,10601336,0
2021-08-21,11141,5387280,8039,4770528,878,463237,1069,56250,53,10111,1129,66683,0,0,21187,26277.57,10687762,10621401,0
2021-08-22,4076,5391356,3902,4774430,261,463498,520,56770,33,10144,557,67240,0,0,8796,25755.43,10696558,10629644,0
2021-08-23,15570,5406926,11811,4786241,1022,464520,1553,58323,77,10221,1643,68883,0,0,30047,26110.86,10726605,10658061,0
2021-08-24,16903,5423829,12599,4798840,1007,465527,1777,60100,82,10303,1867,70750,0,0,32376,26261.86,10758981,10688578,0
2021-08-25,14559,5438388,12456,4811296,1112,466639,1573,61673,82,10385,1670,72420,0,0,29797,26057.57,10788778,10716720,0
2021-08-26,16143,5454531,14101,4825397,1070,467709,1781,63454,71,10456,1864,74284,0,0,33178,26629.57,10821956,10748046,0
2021-08-27,14867,5469398,14828,4840225,971,468680,1678,65132,76,10532,1762,76046,0,0,32428,26829.86,10854384,10778720,0
2021-08-28,10674,5480072,11524,4851749,835,469515,1022,66154,47,10579,1070,77116,0,0,24103,27246.43,10878487,10801754,0
2021-08-29,7208,5487280,7500,4859249,541,470056,782,66936,58,10637,849,77965,0,0,16098,28289.57,10894585,10817012,0
2021-08-30,15508,5502788,16933,4876182,1076,471132,1800,68736,94,10731,1902,79867,0,0,35419,29057,10930004,10850537,0
2021-08-31,15497,5518285,15963,4892145,952,472084,1982,70718,91,10822,2083,81950,0,0,34495,29359.71,10964499,10882959,0
2021-09-01,14820,5533105,14113,4906258,1020,473104,1815,72533,62,10884,1887,83837,0,0,31840,29651.57,10996339,10912922,0
2021-09-02,14307,5547412,12525,4918783,896,474000,1717,74250,65,10949,1798,85635,0,0,29526,29129.86,11025865,10940666,0
2021-09-03,14993,5562405,14315,4933098,974,474974,1902,76152,73,11022,1981,87616,0,0,32263,29106.29,11058128,10970954,0
2021-09-04,9640,5572045,9405,4942503,688,475662,982,77134,34,11056,1021,88637,0,0,20754,28627.86,11078882,10990692,0
2021-09-05,6790,5578835,5512,4948015,438,476100,720,77854,18,11074,739,89376,0,0,13479,28253.71,11092361,11003433,0
2021-09-06,5195,5584030,4511,4952526,358,476458,274,78128,11,11085,287,89663,0,0,10351,24672.57,11102712,11013499,0
2021-09-07,15557,5599587,17699,4970225,912,477370,1564,79692,95,11180,1667,91330,0,0,35835,24864,11138547,11047675,0
2021-09-08,16145,5615732,14829,4985054,1069,478439,1787,81479,84,11264,1882,93212,0,0,33925,25161.86,11172472,11079729,0
2021-09-09,16093,5631825,14760,4999814,1048,479487,1922,83401,78,11342,2011,95223,0,0,33912,25788.43,11206384,11111641,0
2021-09-10,18347,5650172,15402,5015216,1207,480694,1982,85383,83,11425,2072,97295,0,0,37028,26469.14,11243412,11146604,0
2021-09-11,12624,5662796,10350,5025566,958,481652,1037,86420,50,11475,1093,98388,0,0,25025,27079.29,11268437,11170542,0
2021-09-12,8532,5671328,5053,5030619,765,482417,694,87114,32,11507,727,99115,0,0,15077,27307.57,11283514,11184893,0
2021-09-13,16918,5688246,12968,5043587,976,483393,1662,88776,52,11559,1724,100839,0,0,32586,30484,11316100,11215765,0
2021-09-14,16257,5704503,13678,5057265,887,484280,1604,90380,57,11616,1673,102512,0,0,32495,30006.86,11348595,11246599,0
2021-09-15,15508,5720011,12898,5070163,727,485007,1575,91955,85,11701,1669,104181,0,0,30802,29560.71,11379397,11275741,0
2021-09-16,15324,5735335,13920,5084083,1209,486216,1473,93428,68,11769,1548,105729,0,0,32001,29287.71,11411398,11306201,0
2021-09-17,14423,5749758,13953,5098036,922,487138,1849,95277,61,11830,1912,107641,0,0,31210,28456.57,11442608,11335501,0
2021-09-18,9983,5759741,10190,5108226,913,488051,1055,96332,42,11872,1101,108742,0,0,22187,28051.14,11464795,11356591,0
2021-09-19,6166,5765907,6079,5114305,558,488609,749,97081,28,11900,782,109524,0,0,13585,27838,11478380,11369399,0
2021-09-20,12658,5778565,12634,5126939,1068,489677,1929,99010,62,11962,2000,111524,0,0,28361,27234.43,11506741,11395769,0
2021-09-21,12218,5790783,12771,5139710,1108,490785,2037,101047,82,12044,2135,113659,0,0,28232,26625.43,11534973,11421882,0
2021-09-22,12813,5803596,12009,5151719,1088,491873,1693,102740,69,12113,1768,115427,0,0,27678,26179.14,11562651,11447798,0
2021-09-23,14913,5818509,12771,5164490,1639,493512,2275,105015,76,12189,2358,117785,0,0,31681,26133.43,11594332,11477128,0
2021-09-24,16612,5835121,13364,5177854,1636,495148,4631,109646,128,12317,4777,122562,0,0,36389,26873.29,11630721,11508758,0
2021-09-25,10519,5845640,9034,5186888,1017,496165,3462,113108,83,12400,3562,126124,0,0,24132,27151.14,11654853,11529345,0
2021-09-26,6287,5851927,5768,5192656,773,496938,2424,115532,62,12462,2498,128622,0,0,15326,27399.86,11670179,11542185,0
2021-09-27,14126,5866053,8066,5200722,1155,498093,9087,124619,165,12627,9301,137923,0,0,32649,28012.43,11702828,11565582,0
2021-09-28,11099,5877152,11790,5212512,901,498994,9936,134555,185,12812,10160,148083,0,0,33950,28829.29,11736778,11589411,0
2021-09-29,11585,5888737,12196,5224708,1204,500198,9463,144018,178,12990,9675,157758,0,0,34660,29826.71,11771438,11614430,0
2021-09-30,12208,5900945,12612,5237320,1337,501535,9767,153785,184,13174,9985,167743,0,0,36142,30464,11807580,11640621,0
2021-10-01,12610,5913555,13431,5250751,1284,502819,10294,164079,157,13331,10489,178232,0,0,37814,30667.57,11845394,11667984,0
2021-10-02,7715,5921270,9983,5260734,865,503684,4249,168328,82,13413,4355,182587,0,0,22918,30494.14,11868312,11686571,0
2021-10-03,5053,5926323,6158,5266892,593,504277,2626,170954,60,13473,2696,185283,1,1,14501,30376.29,11882813,11698385,0
2021-10-04,9895,5936218,11017,5277909,914,505191,9542,180496,151,13624,9729,195012,0,1,31555,30220,11914368,11720247,0
2021-10-05,10130,5946348,11734,5289643,972,506163,9961,190457,181,13805,10185,205197,1,2,33022,30087.43,11947390,11743126,0
2021-10-06,9863,5956211,11051,5300694,937,507100,9955,200412,163,13968,10155,215352,0,2,32007,29708.43,11979397,11765015,0
2021-10-07,9590,5965801,12155,5312849,850,507950,10184,210596,183,14151,10401,225753,0,2,32996,29259,12012393,11787644,0
2021-10-08,9425,5975226,12182,5325031,940,508890,10926,221522,168,14319,11133,236886,0,2,33680,28668.43,12046073,11810230,0
2021-10-09,6224,5981450,8242,5333273,643,509533,4131,225653,91,14410,4239,241125,0,2,19348,28158.43,12065421,11825356,0
2021-10-10,3528,5984978,5029,5338302,458,509991,2438,228091,49,14459,2495,243620,0,2,11510,27731.14,12076931,11834379,0
2021-10-11,7587,5992565,9341,5347643,728,510719,8911,237002,166,14625,9101,252721,0,2,26757,27045.71,12103688,11852059,0
2021-10-12,8042,6000607,10998,5358641,891,511610,10539,247541,188,14813,10768,263489,0,2,30699,26713.86,12134387,11872031,0
2021-10-13,7121,6007728,10149,5368790,869,512479,8818,256359,185,14998,9033,272522,0,2,27172,26023.14,12161559,11890200,0
2021-10-14,7402,6015130,11116,5379906,837,513316,10137,266496,169,15167,10346,282868,0,2,29701,25552.43,12191260,11909595,0
2021-10-15,7701,6022831,11859,5391765,823,514139,10861,277357,176,15343,11070,293938,0,2,31453,25234.29,12222713,11930011,0
2021-10-16,4853,6027684,7465,5399230,665,514804,3855,281212,67,15410,3934,297872,0,2,16917,24887,12239630,11943006,0
2021-10-17,3047,6030731,4468,5403698,411,515215,2463,283675,46,15456,2516,300388,0,2,10442,24734.43,12250072,11950939,0
2021-10-18,7013,6037744,10672,5414370,797,516012,9501,293176,188,15644,9723,310111,0,2,28205,24941.29,12278277,11969455,0
2021-10-19,6545,6044289,8944,5423314,803,516815,9110,302286,182,15826,9333,319444,1,3,25626,24216.57,12303903,11985788,0
2021-10-20,6511,6050800,9373,5432687,975,517790,10005,312291,181,16007,10224,329668,2,5,27084,24204,12330987,12002684,0
2021-10-21,7001,6057801,9384,5442071,857,518647,10874,323165,160,16167,11069,340737,1,6,28312,24005.57,12359299,12019961,0
2021-10-22,8073,6065874,10344,5452415,1025,519672,16378,339543,231,16398,16663,357400,0,6,36105,24670.14,12395404,12039457,0
2021-10-23,5147,6071021,6452,5458867,690,520362,9142,348685,117,16515,9280,366680,0,6,21569,25334.71,12416973,12051767,0
2021-10-24,3246,6074267,3967,5462834,766,521128,6177,354862,82,16597,6285,372965,0,6,14264,25880.71,12431237,12059772,0
2021-10-25,8891,6083158,8746,5471580,1152,522280,19288,374150,307,16904,19668,392633,0,6,38457,27345.29,12469694,12078634,0
2021-10-26,8142,6091300,7725,5479305,1258,523538,17316,391466,286,17190,17672,410305,0,6,34797,28655.43,12504491,12095829,0
2021-10-27,10493,6101793,8392,5487697,1604,525142,20899,412365,336,17526,21306,431611,0,6,41795,30757,12546286,12116389,0
2021-10-28,11255,6113048,8028,5495725,1793,526935,20907,433272,330,17856,21306,452917,0,6,42382,32767,12588668,12137534,0
2021-10-29,11798,6124846,8225,5503950,1967,528902,22581,455853,357,18213,23010,475927,1,7,45002,34038,12633670,12159597,0
2021-10-30,4592,6129438,5062,5509012,932,529834,11205,467058,167,18380,11412,487339,0,7,21998,34099.29,12655668,12170223,0
2021-10-31,2643,6132081,2699,5511711,544,530378,6651,473709,107,18487,6782,494121,1,8,12668,33871.29,12668336,12176132,0
2021-11-01,7061,6139142,6954,5518665,1085,531463,20433,494142,345,18832,20838,514959,1,9,35939,33511.57,12704275,12191292,0
2021-11-02,6520,6145662,6588,5525253,1055,532518,20823,514965,282,19114,21183,536142,0,9,35347,33590.14,12739622,12205534,0
2021-11-03,6778,6152440,6675,5531928,1025,533543,20691,535656,316,19430,21084,557226,0,9,35564,32700,12775186,12220091,0
2021-11-04,9248,6161688,6275,5538203,995,534538,22431,558087,355,19785,22869,580095,0,9,39387,32272.14,12814573,12236692,0
2021-11-05,11011,6172699,6717,5544920,1049,535587,23814,581901,361,20146,24259,604354,0,9,43036,31991.29,12857609,12255553,0
2021-11-06,11134,6183833,4051,5548971,593,536180,12616,594517,179,20325,12832,617186,0,9,28610,32935.86,12886219,12271368,0
2021-11-07,7222,6191055,2287,5551258,577,536757,7125,601642,99,20424,7239,624425,0,9,17325,33601.14,12903544,12281469,0
2021-11-08,15015,6206070,5678,5556936,862,537619,19544,621186,291,20715,19902,644327,1,10,41458,34389.57,12945002,12303091,0
2021-11-09,16096,6222166,5383,5562319,658,538277,20563,641749,285,21000,20930,665257,0,10,43067,35492.43,12988069,12325310,0
2021-11-10,16855,6239021,5322,5567641,682,538959,22722,664471,297,21297,23090,688347,0,10,45949,36976,13034018,12348240,0
2021-11-11,12483,6251504,5188,5572829,760,539719,22160,686631,300,21597,22529,710876,0,10,40960,37200.71,13074978,12366740,0
2021-11-12,16817,6268321,5684,5578513,705,540424,23488,710119,361,21958,23927,734803,1,11,47134,37786.14,13122112,12390024,0
2021-11-13,9910,6278231,3660,5582173,464,540888,13371,723490,186,22144,13601,748404,0,11,27635,37646.86,13149747,12404102,0
2021-11-14,5975,6284206,2285,5584458,324,541212,7961,731451,82,22226,8064,756468,0,11,16648,37550.14,13166395,12412707,0
2021-11-15,13166,6297372,5974,5590432,688,541900,25183,756634,370,22596,25632,782100,0,11,45460,38121.86,13211855,12432614,0
2021-11-16,9868,6307240,5777,5596209,652,542552,30743,787377,446,23042,31268,813368,0,11,47567,38764.71,13259422,12448992,0
2021-11-17,10197,6317437,6669,5602878,680,543232,31522,818899,432,23474,32045,845413,0,11,49591,39285,13309013,12466629,0
2021-11-18,10624,6328061,6523,5609401,854,544086,33128,852027,474,23948,33699,879112,0,11,51700,40819.29,13360713,12484727,0
2021-11-19,11890,6339951,6550,5615951,707,544793,36374,888401,475,24423,36940,916052,0,11,56087,42098.29,13416800,12503965,0
2021-11-20,9272,6349223,3413,5619364,512,545305,22584,910985,265,24688,22901,938953,0,11,36098,43307.29,13452898,12517214,0
2021-11-21,4888,6354111,1886,5621250,288,545593,13254,924239,157,24845,13436,952389,1,12,20499,43857.43,13473397,12524301,0
2021-11-22,10315,6364426,5781,5627031,748,546341,36030,960269,455,25300,36578,988967,0,12,53422,44994.86,13526819,12541238,0
2021-11-23,9670,6374096,4779,5631810,632,546973,33621,993890,394,25694,34087,1023054,0,12,49169,45223.71,13575988,12556392,0
2021-11-24,8607,6382703,4746,5636556,648,547621,26004,1019894,294,25988,26369,1049423,1,13,40371,43906.57,13616359,12570464,0
2021-11-25,447,6383150,329,5636885,80,547701,1004,1020898,9,25997,1013,1050436,0,13,1869,36787.86,13618228,12571320,0
2021-11-26,7987,6391137,7004,5643889,528,548229,26658,1047556,312,26309,27027,1077463,0,13,42546,34853.43,13660774,12586896,0
2021-11-27,6633,6397770,6860,5650749,370,548599,18898,1066454,230,26539,19166,1096629,0,13,33030,34415.14,13693804,12600798,0
2021-11-28,4026,6401796,5791,5656540,279,548878,11946,1078400,124,26663,12090,1108719,0,13,22186,34656.14,13715990,12610914,0
2021-11-29,8989,6410785,11019,5667559,684,549562,35163,1113563,463,27126,35704,1144423,1,14,56397,35081.14,13772387,12631684,0
2021-11-30,10389,6421174,11446,5679005,510,550072,37886,1151449,510,27636,38509,1182932,0,14,60854,36750.43,13833241,12654142,0
2021-12-01,11051,6432225,10982,5689987,724,550796,40495,1191944,443,28079,41037,1223969,0,14,63796,40096.86,13897037,12677000,0
2021-12-02,11512,6443737,11057,5701044,625,551421,42345,1234289,476,28555,42919,1266888,0,14,66113,49274.57,13963150,12700292,0
2021-12-03,13333,6457070,12913,5713957,665,552086,48122,1282411,548,29103,48775,1315663,1,15,75687,54009,14038837,12727308,0
2021-12-04,9740,6466810,11322,5725279,564,552650,30774,1313185,314,29417,31142,1346805,0,15,52768,56828.71,14091605,12748988,0
2021-12-05,5689,6472499,5704,5730983,270,552920,16716,1329901,133,29550,16885,1363690,0,15,28549,57737.71,14120154,12760688,0
2021-12-06,12199,6484698,9992,5740975,599,553519,43391,1373292,473,30023,43957,1407647,0,15,66748,59216.43,14186902,12783572,0
2021-12-07,12471,6497169,9259,5750234,623,554142,43203,1416495,527,30550,43819,1451466,0,15,66172,59976.14,14253074,12806014,0
2021-12-08,13424,6510593,8778,5759012,555,554697,40926,1457421,499,31049,41507,1492973,0,15,64264,60043,14317338,12828853,0
2021-12-09,13362,6523955,8759,5767771,551,555248,40984,1498405,506,31555,41589,1534562,0,15,64262,59778.57,14381600,12851625,0
2021-12-10,13922,6537877,10162,5777933,666,555914,43825,1542230,544,32099,44457,1579019,0,15,69208,58853,14450808,12876464,0
2021-12-11,10189,6548066,8156,5786089,404,556318,26783,1569013,293,32392,27126,1606145,0,15,45876,57868.43,14496684,12895264,0
2021-12-12,5970,6554036,3856,5789945,287,556605,15208,1584221,138,32530,15371,1621516,0,15,25484,57430.57,14522168,12905402,0
2021-12-13,12097,6566133,7435,5797380,655,557260,38042,1622263,410,32940,38535,1660051,0,15,58722,56284,14580890,12925672,0
2021-12-14,12132,6578265,6946,5804326,730,557990,38290,1660553,454,33394,38813,1698864,0,15,58622,55205.43,14639512,12945550,0
2021-12-15,11977,6590242,6245,5810571,754,558744,38289,1698842,500,33894,38870,1737734,0,15,57847,54288.71,14697359,12964608,0
2021-12-16,13057,6603299,4266,5814837,737,559481,41256,1740098,471,34365,41802,1779536,0,15,59862,53660.14,14757221,12982743,0
2021-12-17,15819,6619118,6945,5821782,617,560098,46956,1787054,489,34854,47542,1827078,0,15,70923,53905.14,14828144,13006221,0
2021-12-18,12931,6632049,5733,5827515,432,560530,30714,1817768,282,35136,31053,1858131,1,16,50149,54515.57,14878293,13025373,0
2021-12-19,6955,6639004,2994,5830509,326,560856,18060,1835828,181,35317,18272,1876403,0,16,28547,54953.14,14906840,13035679,0
2021-12-20,16693,6655697,5855,5836364,745,561601,47660,1883488,587,35904,48328,1924731,0,16,71621,56795.86,14978461,13059053,0
2021-12-21,17824,6673521,6579,5842943,806,562407,49074,1932562,614,36518,49767,1974498,0,16,74977,59132.29,15053438,13084342,0
2021-12-22,18467,6691988,6554,5849497,938,563345,49849,1982411,550,37068,50478,2024976,1,17,76438,61788.14,15129876,13110380,0
2021-12-23,18928,6710916,6489,5855986,929,564274,46029,2028440,545,37613,46640,2071616,0,17,72986,63663,15202862,13136792,0
2021-12-24,9179,6720095,2957,5858943,598,564872,20661,2049101,213,37826,20909,2092525,0,17,33643,58337.29,15236505,13149561,0
2021-12-25,342,6720437,63,5859006,31,564903,427,2049528,8,37834,436,2092961,0,17,872,51297.71,15237377,13149998,0
2021-12-26,7912,6728349,3933,5862939,341,565244,17321,2066849,179,38013,17531,2110492,0,17,29717,51464.86,15267094,13162215,0
2021-12-27,21696,6750045,9213,5872152,934,566178,43571,2110420,573,38586,44217,2154709,0,17,76060,52099,15343154,13194131,0
2021-12-28,20041,6770086,8344,5880496,700,566878,47715,2158135,631,39217,48435,2203144,0,17,77520,52462.29,15420674,13223305,0
2021-12-29,18421,6788507,7674,5888170,606,567484,45702,2203837,500,39717,46277,2249421,0,17,72978,51968,15493652,13250081,0
2021-12-30,16806,6805313,7443,5895613,588,568072,44946,2248783,601,40318,45637,2295058,0,17,70475,51609.29,15564127,13275009,0
2021-12-31,5339,6810652,2818,5898431,193,568265,14801,2263584,189,40507,15012,2310070,0,17,23362,50140.57,15587489,13283381,0
2022-01-01,244,6810896,149,5898580,12,568277,504,2264088,36,40543,544,2310614,0,17,949,50151.57,15588438,13283790,0
2022-01-02,6401,6817297,5020,5903600,153,568430,11011,2275099,111,40654,11137,2321751,0,17,22711,49150.71,15611149,13295379,0
2022-01-03,14065,6831362,8525,5912125,515,568945,27041,2302140,352,41006,27437,2349188,2,19,50544,45505.57,15661693,13318528,0
2022-01-04,12764,6844126,8129,5920254,414,569359,27319,2329459,373,41379,27752,2376940,12,31,49068,41441,15710761,13339892,0
2022-01-05,11276,6855402,7036,5927290,386,569745,26039,2355498,319,41698,26402,2403342,0,31,45101,37458.57,15755862,13358635,0
2022-01-06,11301,6866703,7400,5934690,485,570230,27688,2383186,361,42059,28101,2431443,2,33,47288,34146.14,15803150,13377872,0
2022-01-07,10108,6876811,8457,5943147,339,570569,25249,2408435,333,42392,25616,2457059,0,33,44521,37168.86,15847671,13396811,0
2022-01-08,7638,6884449,8605,5951752,311,570880,19649,2428084,193,42585,19859,2476918,0,33,36414,42235.29,15884085,13413383,0
2022-01-09,4098,6888547,3845,5955597,214,571094,10086,2438170,98,42683,10195,2487113,1,34,18355,41613,15902440,13421553,0
2022-01-10,10128,6898675,8202,5963799,490,571584,24657,2462827,311,42994,25019,2512132,1,35,43839,40655.14,15946279,13440423,0
2022-01-11,8827,6907502,7989,5971788,522,572106,21085,2483912,298,43292,21427,2533559,0,35,38769,39183.86,15985048,13457809,0
2022-01-12,8884,6916386,8334,5980122,427,572533,22411,2506323,295,43587,22741,2556300,1,36,40388,38510.57,16025436,13475490,0
2022-01-13,8977,6925363,8872,5988994,451,572984,22966,2529289,342,43929,23346,2579646,1,37,41649,37705,16067085,13493830,0
2022-01-14,10052,6935415,8131,5997125,474,573458,26495,2555784,342,44271,26879,2606525,0,37,45536,37850,16112621,13512529,0
2022-01-15,6182,6941597,4320,6001445,180,573638,15173,2570957,186,44457,15382,2621907,0,37,26064,36371.43,16138685,13523234,0
2022-01-16,2887,6944484,3251,6004696,95,573733,7844,2578801,90,44547,7944,2629851,0,37,14178,35774.71,16152863,13529478,0
2022-01-17,6031,6950515,6760,6011456,363,574096,14728,2593529,224,44771,14971,2644822,0,37,28125,33529.86,16180988,13542651,0
2022-01-18,8107,6958622,10328,6021784,393,574489,19715,2613244,330,45101,20076,2664898,0,37,38904,33549.14,16219892,13561510,0
2022-01-19,7401,6966023,9267,6031051,303,574792,17765,2631009,285,45386,18082,2682980,1,38,35054,32787.14,16254946,13578513,0
2022-01-20,6218,6972241,8569,6039620,305,575097,15309,2646318,258,45644,15594,2698574,0,38,30687,31221.14,16285633,13593633,0
2022-01-21,7506,6979747,7526,6047146,276,575373,18555,2664873,294,45938,18874,2717448,1,39,34182,29599.14,16319815,13608965,0
2022-01-22,5169,6984916,4954,6052100,132,575505,11345,2676218,133,46071,11503,2728951,0,39,21758,28984,16341573,13619245,0
2022-01-23,2777,6987693,3338,6055438,97,575602,6252,2682470,78,46149,6338,2735289,0,39,12550,28751.43,16354123,13625465,0
2022-01-24,6317,6994010,8215,6063653,262,575864,15105,2697575,254,46403,15386,2750675,0,39,30181,29045.14,16384304,13640287,0
2022-01-25,6132,7000142,7963,6071616,230,576094,14742,2712317,295,46698,15071,2765746,0,39,29396,27686.86,16413700,13654646,0
2022-01-26,5707,7005849,7190,6078806,288,576382,14048,2726365,225,46923,14301,2780047,0,39,27486,26605.71,16441186,13667859,0
2022-01-27,5202,7011051,7101,6085907,320,576702,14125,2740490,242,47165,14406,2794453,0,39,27029,26083.14,16468215,13680521,0
2022-01-28,6208,7017259,7886,6093793,205,576907,16165,2756655,246,47411,16434,2810887,1,40,30734,25590.57,16498949,13694843,0
2022-01-29,834,7018093,729,6094522,28,576935,2543,2759198,41,47452,2587,2813474,0,40,4178,23079.14,16503127,13696437,0
2022-01-30,2070,7020163,3025,6097547,103,577038,4557,2763755,64,47516,4625,2818099,0,40,9823,22689.57,16512950,13701639,0
2022-01-31,4970,7025133,6598,6104145,219,577257,11415,2775170,207,47723,11637,2829736,0,40,23424,21724.29,16536374,13713441,0
2022-02-01,4793,7029926,6457,6110602,220,577477,10742,2785912,223,47946,10983,2840719,1,41,22454,20732.57,16558828,13724929,0
2022-02-02,4242,7034168,5937,6116539,212,577689,11261,2797173,243,48189,11522,2852241,0,41,21913,19936.43,16580741,13735338,0
2022-02-03,4198,7038366,5819,6122358,216,577905,11240,2808413,206,48395,11473,2863714,1,42,21707,19176.14,16602448,13745598,0
2022-02-04,4729,7043095,7121,6129479,214,578119,13260,2821673,241,48636,13526,2877240,0,42,25590,18441.29,16628038,13757687,0
2022-02-05,3551,7046646,6083,6135562,109,578228,8607,2830280,159,48795,8781,2886021,0,42,18524,20490.71,16646562,13767445,0
2022-02-06,2048,7048694,2138,6137700,120,578348,4652,2834932,105,48900,4761,2890782,0,42,9068,20382.86,16655630,13771756,0
2022-02-07,4117,7052811,4751,6142451,205,578553,10153,2845085,238,49138,10416,2901198,0,42,19489,19820.71,16675119,13780854,0
2022-02-08,4181,7056992,5607,6148058,214,578767,11356,2856441,316,49454,11697,2912895,0,42,21699,19712.86,16696818,13790881,0
2022-02-09,4104,7061096,5405,6153463,221,578988,11686,2868127,259,49713,11970,2924865,0,42,21700,19682.43,16718518,13800636,0
2022-02-10,3961,7065057,5129,6158592,243,579231,12214,2880341,295,50008,12539,2937404,0,42,21872,19706,16740390,13809999,0
2022-02-11,4488,7069545,5811,6164403,195,579426,13759,2894100,326,50334,14117,2951521,0,42,24611,19566.14,16765001,13820525,0
2022-02-12,3234,7072779,4352,6168755,97,579523,8828,2902928,219,50553,9058,2960579,0,42,16741,19311.43,16781742,13828219,0
2022-02-13,1508,7074287,1544,6170299,41,579564,4888,2907816,115,50668,5008,2965587,0,42,8101,19173.29,16789843,13831317,0
2022-02-14,2956,7077243,3633,6173932,167,579731,10591,2918407,331,50999,10949,2976536,1,43,17706,18918.57,16807549,13838100,0
2022-02-15,3515,7080758,4076,6178008,174,579905,12805,2931212,293,51292,13114,2989650,0,43,20879,18801.43,16828428,13845881,0
2022-02-16,3611,7084369,3913,6181921,199,580104,15770,2946982,298,51590,16103,3005753,0,43,23826,19105.14,16852254,13853639,0
2022-02-17,3985,7088354,4082,6186003,162,580266,18369,2965351,376,51966,18775,3024528,0,43,27004,19838.29,16879258,13861898,0
2022-02-18,4423,7092777,4792,6190795,190,580456,21561,2986912,469,52435,22053,3046581,1,44,31459,20816.57,16910717,13871326,0
2022-02-19,3232,7096009,2186,6192981,65,580521,11204,2998116,220,52655,11435,3058016,0,44,16918,20841.86,16927635,13876820,0
2022-02-20,1842,7097851,1446,6194427,59,580580,6599,3004715,116,52771,6722,3064738,0,44,10069,21123,16937704,13880174,0
2022-02-21,3070,7100921,2695,6197122,93,580673,8369,3013084,237,53008,8619,3073357,0,44,14477,20661.71,16952181,13886045,0
2022-02-22,4358,7105279,4266,6201388,174,580847,10851,3023935,258,53266,11127,3084484,0,44,19925,20525.43,16972106,13894861,0
2022-02-23,4230,7109509,3792,6205180,145,580992,10695,3034630,241,53507,10954,3095438,1,45,19122,19853.43,16991228,13903046,0
2022-02-24,3778,7113287,3663,6208843,108,581100,10203,3044833,242,53749,10463,3105901,1,46,18013,18569,17009241,13910613,0
2022-02-25,3585,7116872,3637,6212480,135,581235,9999,3054832,248,53997,10260,3116161,0,46,17617,16591.57,17026858,13917983,0
2022-02-26,2814,7119686,2592,6215072,73,581308,9528,3064360,162,54159,9699,3125860,0,46,15178,16343,17042036,13923471,0
2022-02-27,1760,7121446,1373,6216445,52,581360,6277,3070637,102,54261,6386,3132246,0,46,9571,16271.86,17051607,13926663,0
2022-02-28,3764,7125210,3138,6219583,140,581500,13158,3083795,258,54519,13440,3145686,0,46,20482,17129.71,17072089,13933729,0
2022-03-01,2114,7127324,2632,6222215,103,581603,5192,3088987,189,54708,5388,3151074,0,46,10237,15745.71,17082326,13938585,0
2022-03-02,1822,7129146,2448,6224663,107,581710,4149,3093136,211,54919,4371,3155445,0,46,8748,14263.71,17091074,13942973,0
2022-03-03,1926,7131072,2564,6227227,106,581816,3808,3096944,171,55090,3993,3159438,0,46,8589,12917.43,17099663,13947583,0
2022-03-04,2111,7133183,2884,6230111,66,581882,4337,3101281,213,55303,4562,3164000,0,46,9623,11775.43,17109286,13952656,0
2022-03-05,1608,7134791,2127,6232238,43,581925,3322,3104603,119,55422,3444,3167444,0,46,7222,10638.86,17116508,13956437,0
2022-03-06,793,7135584,881,6233119,30,581955,1627,3106230,54,55476,1685,3169129,0,46,3389,9755.71,17119897,13958145,0
2022-03-07,1657,7137241,1788,6234907,87,582042,3508,3109738,163,55639,3685,3172814,0,46,7217,7860.71,17127114,13961691,0
2022-03-08,1541,7138782,1898,6236805,81,582123,3130,3112868,154,55793,3296,3176110,0,46,6816,7372,17133930,13965223,0
2022-03-09,1260,7140042,1684,6238489,80,582203,2596,3115464,128,55921,2730,3178840,0,46,5754,6944.29,17139684,13968253,0
2022-03-10,1408,7141450,2097,6240586,84,582287,2977,3118441,165,56086,3151,3181991,0,46,6740,6680.14,17146424,13971851,0
2022-03-11,1595,7143045,2278,6242864,81,582368,3217,3121658,190,56276,3425,3185416,0,46,7379,6359.57,17153803,13975823,0
2022-03-12,875,7143920,1419,6244283,42,582410,2012,3123670,75,56351,2090,3187506,0,46,4426,5960.14,17158229,13978162,0
2022-03-13,624,7144544,757,6245040,28,582438,1291,3124961,50,56401,1344,3188850,0,46,2753,5869.29,17160982,13979574,0
2022-03-14,1358,7145902,1616,6246656,84,582522,3001,3127962,208,56609,3231,3192081,0,46,6289,5736.71,17167271,13982654,0
2022-03-15,1353,7147255,1924,6248580,63,582585,3071,3131033,238,56847,3316,3195397,0,46,6656,5713.86,17173927,13986001,0
2022-03-16,1395,7148650,2060,6250640,94,582679,3148,3134181,296,57143,3460,3198857,0,46,7009,5893.14,17180936,13989566,0
2022-03-17,1191,7149841,1808,6252448,71,582750,2766,3136947,268,57411,3048,3201905,0,46,6118,5804.29,17187054,13992650,0
2022-03-18,1577,7151418,2223,6254671,79,582829,3781,3140728,422,57833,4209,3206114,1,47,8089,5905.71,17195143,13996535,0
2022-03-19,1102,7152520,1736,6256407,54,582883,2607,3143335,231,58064,2843,3208957,0,47,5735,6092.71,17200878,13999432,0
2022-03-20,604,7153124,630,6257037,33,582916,1470,3144805,186,58250,1660,3210617,0,47,2927,6117.57,17203805,14000703,0
2022-03-21,1410,7154534,1561,6258598,73,582989,3063,3147868,361,58611,3446,3214063,1,48,6491,6146.43,17210296,14003769,0
2022-03-22,1340,7155874,1553,6260151,101,583090,2907,3150775,350,58961,3267,3217330,0,48,6261,6090,17216557,14006773,0
2022-03-23,1256,7157130,1359,6261510,66,583156,2926,3153701,374,59335,3310,3220640,0,48,5991,5944.57,17222548,14009464,0
2022-03-24,1207,7158337,1300,6262810,90,583246,2519,3156220,276,59611,2804,3223444,0,48,5401,5842.14,17227949,14012070,0
2022-03-25,1379,7159716,1638,6264448,62,583308,3269,3159489,386,59997,3668,3227112,0,48,6747,5650.43,17234696,14015162,0
2022-03-26,921,7160637,1169,6265617,36,583344,2311,3161800,254,60251,2573,3229685,0,48,4699,5502.43,17239395,14017296,0
2022-03-27,574,7161211,528,6266145,29,583373,1314,3163114,203,60454,1519,3231204,0,48,2650,5462.86,17242045,14018429,0
2022-03-28,1071,7162282,1170,6267315,69,583442,2445,3165559,365,60819,2829,3234033,0,48,5139,5269.71,17247184,14020758,0
2022-03-29,1043,7163325,1107,6268422,84,583526,2516,3168075,886,61705,3423,3237456,1,49,5657,5183.43,17252841,14023012,0
2022-03-30,1235,7164560,1140,6269562,99,583625,3064,3171139,3413,65118,6567,3244023,0,49,9041,5619.14,17261882,14025576,0
2022-03-31,1274,7165834,1251,6270813,58,583683,3163,3174302,5534,70652,8836,3252859,0,49,11420,6479,17273302,14028299,0
2022-04-01,1421,7167255,1488,6272301,77,583760,3244,3177546,6925,77577,10325,3263184,0,49,13311,7416.71,17286613,14031441,0
2022-04-02,904,7168159,909,6273210,33,583793,2085,3179631,4542,82119,6724,3269908,0,49,8570,7969.71,17295183,14033384,0
2022-04-03,553,7168712,490,6273700,28,583821,1220,3180851,3061,85180,4345,3274253,0,49,5416,8364.86,17300599,14034519,0
2022-04-04,1343,7170055,1299,6274999,62,583883,2725,3183576,7722,92902,10604,3284857,0,49,13308,9531.86,17313907,14037380,0
2022-04-05,1289,7171344,1153,6276152,66,583949,2844,3186420,7502,100404,10523,3295380,0,49,13031,10585.29,17326938,14040065,0
2022-04-06,1327,7172671,1174,6277326,61,584010,2628,3189048,6958,107362,9751,3305131,0,49,12313,11052.71,17339251,14042792,0
2022-04-07,1198,7173869,1061,6278387,57,584067,2378,3191426,6630,113992,9156,3314287,1,50,11473,11060.29,17350724,14045256,0
2022-04-08,1471,7175340,1410,6279797,61,584128,3169,3194595,8793,122785,12160,3326447,0,50,15102,11316.14,17365826,14048396,0
2022-04-09,907,7176247,925,6280722,29,584157,2081,3196676,4960,127745,7127,3333574,0,50,8988,11375.86,17374814,14050343,0
2022-04-10,573,7176820,459,6281181,25,584182,1169,3197845,2902,130647,4134,3337708,0,50,5191,11343.71,17380005,14051463,0
2022-04-11,1305,7178125,1223,6282404,61,584243,2651,3200496,7844,138491,10650,3348358,0,50,13239,11333.86,17393244,14054207,0
2022-04-12,1210,7179335,1054,6283458,73,584316,2516,3203012,7452,145943,10142,3358500,0,50,12479,11255,17405723,14056718,0
2022-04-13,1227,7180562,1073,6284531,61,584377,2512,3205524,7552,153495,10217,3368717,0,50,12578,11292.86,17418301,14059232,0
2022-04-14,1259,7181821,1095,6285626,58,584435,2443,3207967,6596,160091,9168,3377885,1,51,11581,11308.29,17429882,14061773,0
2022-04-15,1333,7183154,1092,6286718,53,584488,2552,3210519,6637,166728,9322,3387207,0,51,11800,10836.57,17441682,14064384,0
2022-04-16,853,7184007,652,6287370,34,584522,1641,3212160,3692,170420,5401,3392608,0,51,6940,10544,17448622,14065991,0
2022-04-17,345,7184352,201,6287571,27,584549,636,3212796,1159,171579,1819,3394427,0,51,2392,10144.14,17451014,14066588,0
2022-04-18,1376,7185728,1113,6288684,82,584631,2581,3215377,6416,177995,9140,3403567,0,51,11711,9925.86,17462725,14069302,0
2022-04-19,1406,7187134,933,6289617,71,584702,2569,3217946,5768,183763,8440,3412007,0,51,10850,9693.14,17473575,14071815,0
2022-04-20,1296,7188430,1150,6290767,66,584768,2711,3220657,6650,190413,9504,3421511,0,51,12016,9612.86,17485591,14074470,0
2022-04-21,1224,7189654,1061,6291828,53,584821,2339,3222996,5401,195814,7859,3429370,1,52,10198,9415.29,17495789,14076927,0
2022-04-22,1231,7190885,1038,6292866,46,584867,2240,3225236,5784,201598,8140,3437510,0,52,10455,9223.14,17506244,14079358,0
2022-04-23,711,7191596,751,6293617,59,584926,1427,3226663,3353,204951,4847,3442357,0,52,6368,9141.43,17512612,14080946,0
2022-04-24,445,7192041,344,6293961,27,584953,812,3227475,1845,206796,2690,3445047,0,52,3506,9300.57,17516118,14081795,0
2022-04-25,1036,7193077,917,6294878,64,585017,1849,3229324,5095,211891,7058,3452105,0,52,9076,8924.14,17525194,14083927,0
2022-04-26,946,7194023,856,6295734,76,585093,1748,3231072,4696,216587,6539,3458644,0,52,8417,8576.57,17533611,14085900,0
2022-04-27,1034,7195057,1020,6296754,80,585173,1924,3232996,5219,221806,7264,3465908,0,52,9398,8202.57,17543009,14088155,0
2022-04-28,1080,7196137,986,6297740,50,585223,2006,3235002,4748,226554,6868,3472776,1,53,8986,8029.43,17551995,14090386,0
2022-04-29,1172,7197309,1102,6298842,60,585283,2157,3237159,5436,231990,7711,3480487,0,53,10045,7970.86,17562040,14092838,0
2022-04-30,723,7198032,742,6299584,50,585333,1392,3238551,2966,234956,4406,3484893,0,53,5921,7907,17567961,14094401,0
2022-05-01,445,7198477,366,6299950,20,585353,766,3239317,1656,236612,2454,3487347,0,53,3285,7875.43,17571246,14095264,0
2022-05-02,1042,7199519,791,6300741,52,585405,1675,3240992,3821,240433,5567,3492914,2,55,7453,7643.57,17578699,14097219,0
2022-05-03,1116,7200635,864,6301605,61,585466,1994,3242986,4871,245304,6963,3499877,0,55,9004,7727.43,17587703,14099358,0
2022-05-04,1003,7201638,881,6302486,48,585514,1924,3244910,4679,249983,6697,3506574,0,55,8629,7617.57,17596332,14101384,0
2022-05-05,1070,7202708,952,6303438,86,585600,1928,3246838,4889,254872,6916,3513490,0,55,9024,7623,17605356,14103591,0
2022-05-06,1095,7203803,956,6304394,51,585651,1858,3248696,4403,259275,6339,3519829,2,57,8441,7393.86,17613797,14105769,0
2022-05-07,659,7204462,590,6304984,32,585683,1205,3249901,2434,261709,3680,3523509,1,58,4961,7256.71,17618758,14107090,0
2022-05-08,410,7204872,243,6305227,17,585700,665,3250566,1389,263098,2076,3525585,0,58,2746,7179.71,17621504,14107782,0
2022-05-09,1076,7205948,945,6306172,60,585760,1890,3252456,4438,267536,6422,3532007,0,58,8503,7329.71,17630007,14109957,0
2022-05-10,1093,7207041,928,6307100,54,585814,1978,3254434,4721,272257,6808,3538815,0,58,8883,7312.43,17638890,14112141,0
2022-05-11,1083,7208124,969,6308069,44,585858,1941,3256375,4844,277101,6889,3545704,0,58,8985,7363.29,17647875,14114341,0
2022-05-12,1099,7209223,950,6309019,60,585918,2001,3258376,4668,281769,6770,3552474,0,58,8879,7342.57,17656754,14116551,0
2022-05-13,1153,7210376,1038,6310057,44,585962,2074,3260450,4810,286579,6976,3559450,0,58,9211,7452.57,17665965,14118878,0
2022-05-14,826,7211202,671,6310728,31,585993,1468,3261918,2965,289544,4475,3563925,0,58,6003,7601.43,17671968,14120448,0
2022-05-15,508,7211710,354,6311082,22,586015,924,3262842,1650,291194,2600,3566525,0,58,3484,7706.86,17675452,14121358,0
2022-05-16,1222,7212932,855,6311937,62,586077,1831,3264673,3871,295065,5766,3572291,1,59,7906,7621.57,17683358,14123561,0
2022-05-17,1282,7214214,931,6312868,79,586156,2046,3266719,4900,299965,7040,3579331,1,60,9333,7685.86,17692691,14125947,0
2022-05-18,1233,7215447,898,6313766,82,586238,2063,3268782,4947,304912,7124,3586455,1,61,9338,7736.29,17702029,14128274,0
2022-05-19,1157,7216604,881,6314647,36,586274,2118,3270900,4731,309643,6936,3593391,0,61,9010,7755,17711039,14130435,0
2022-05-20,1196,7217800,958,6315605,73,586347,2369,3273269,5215,314858,7696,3601087,1,62,9926,7857.14,17720965,14132776,0
2022-05-21,831,7218631,647,6316252,24,586371,1726,3274995,3312,318170,5099,3606186,0,62,6601,7942.57,17727566,14134339,0
2022-05-22,506,7219137,292,6316544,22,586393,1136,3276131,1839,320009,3010,3609196,0,62,3830,7992,17731396,14135194,0
2022-05-23,1216,7220353,884,6317428,52,586445,2189,3278320,4712,324721,7004,3616200,1,63,9157,8170.71,17740553,14137449,0
2022-05-24,1403,7221756,934,6318362,66,586511,2306,3280626,4491,329212,6904,3623104,0,63,9308,8167.14,17749861,14139960,0
2022-05-25,1410,7223166,956,6319318,57,586568,2264,3282890,4276,333488,6642,3629746,0,63,9066,8128.29,17758927,14142486,0
2022-05-26,1166,7224332,889,6320207,60,586628,2274,3285164,4155,337643,6497,3636243,1,64,8614,8071.71,17767541,14144670,0
2022-05-27,1242,7225574,954,6321161,38,586666,2496,3287660,3927,341570,6502,3642745,0,64,8737,7901.86,17776278,14146984,0
2022-05-28,710,7226284,516,6321677,19,586685,1784,3289444,2069,343639,3893,3646638,0,64,5138,7692.86,17781416,14148269,0
2022-05-29,470,7226754,216,6321893,11,586696,760,3290204,1127,344766,1907,3648545,0,64,2604,7517.71,17784020,14148986,0
2022-05-30,91,7226845,62,6321955,6,586702,138,3290342,144,344910,284,3648829,2,66,445,6273.14,17784465,14149147,0
2022-05-31,1135,7227980,918,6322873,51,586753,1901,3292243,3054,347964,5016,3653845,0,66,7120,5960.57,17791585,14151312,0
2022-06-01,1151,7229131,850,6323723,63,586816,1970,3294213,3434,351398,5479,3659324,0,66,7543,5743,17799128,14153451,0
2022-06-02,1026,7230157,798,6324521,72,586888,1827,3296040,3179,354577,5068,3664392,0,66,6964,5507.29,17806092,14155409,0
2022-06-03,1154,7231311,894,6325415,47,586935,2073,3298113,3494,358071,5637,3670029,0,66,7732,5363.71,17813824,14157574,0
2022-06-04,721,7232032,584,6325999,26,586961,1559,3299672,1907,359978,3502,3673531,0,66,4835,5320.43,17818659,14158943,0
2022-06-05,447,7232479,297,6326296,1,586962,881,3300553,981,360959,1871,3675402,0,66,2616,5322.14,17821275,14159697,0
2022-06-06,1121,7233600,828,6327124,65,587027,1757,3302310,2747,363706,4555,3679957,0,66,6569,6197,17827844,14161762,0
2022-06-07,1017,7234617,773,6327897,70,587097,1795,3304105,2569,366275,4412,3684369,0,66,6273,6076,17834117,14163671,0
2022-06-08,1090,7235707,836,6328733,75,587172,1877,3305982,2751,369026,4693,3689062,1,67,6694,5954.71,17840811,14165736,0
2022-06-09,1136,7236843,840,6329573,62,587234,2230,3308212,2691,371717,4974,3694036,0,67,7012,5961.57,17847823,14167827,0
2022-06-10,1045,7237888,816,6330389,76,587310,1881,3310093,2834,374551,4772,3698808,0,67,6709,5815.43,17854532,14169821,0
2022-06-11,678,7238566,507,6330896,25,587335,1333,3311426,1505,376056,2865,3701673,0,67,4075,5706.86,17858607,14171058,0
2022-06-12,349,7238915,287,6331183,21,587356,876,3312302,776,376832,1661,3703334,0,67,2318,5664.29,17860925,14171724,0
2022-06-13,1027,7239942,768,6331951,62,587418,1583,3313885,2189,379021,3812,3707146,0,67,5670,5535.86,17866595,14173622,0
2022-06-14,973,7240915,833,6332784,65,587483,1693,3315578,2504,381525,4260,3711406,0,67,6131,5515.57,17872726,14175556,0
2022-06-15,969,7241884,865,6333649,39,587522,1666,3317244,2427,383952,4154,3715560,0,67,6027,5420.29,17878753,14177490,0
2022-06-16,960,7242844,777,6334426,59,587581,1835,3319079,2366,386318,4257,3719817,1,68,6053,5283.29,17884806,14179341,0
2022-06-17,898,7243742,797,6335223,48,587629,1772,3320851,2405,388723,4223,3724040,1,69,5968,5177.43,17890774,14181131,0
2022-06-18,658,7244400,523,6335746,26,587655,1284,3322135,1297,390020,2610,3726650,2,71,3817,5140.57,17894591,14182365,0
2022-06-19,345,7244745,232,6335978,16,587671,728,3322863,610,390630,1350,3728000,0,71,1943,5087,17896534,14182970,0
2022-06-20,828,7245573,489,6336467,41,587712,1581,3324444,1610,392240,3231,3731231,0,71,4589,4932.57,17901123,14184368,0
2022-06-21,1129,7246702,739,6337206,49,587761,1704,3326148,2142,394382,3903,3735134,0,71,5822,4888.43,17906945,14186344,0
2022-06-22,1957,7248659,836,6338042,47,587808,1710,3327858,1996,396378,3749,3738883,0,71,6589,4968.71,17913534,14189227,0
2022-06-23,2119,7250778,763,6338805,66,587874,1703,3329561,2159,398537,3913,3742796,0,71,6861,5084.14,17920395,14192226,0
2022-06-24,2167,7252945,760,6339565,48,587922,1626,3331187,2161,400698,3835,3746631,0,71,6810,5204.43,17927205,14195249,0
2022-06-25,2137,7255082,498,6340063,15,587937,1238,3332425,1142,401840,2396,3749027,0,71,5049,5380.43,17932254,14197918,0
2022-06-26,1209,7256291,248,6340311,14,587951,687,3333112,531,402371,1224,3750251,0,71,2695,5487.86,17934949,14199395,0
2022-06-27,1530,7257821,656,6340967,60,588011,1472,3334584,1655,404026,3168,3753419,0,71,5415,5605.86,17940364,14201683,0
2022-06-28,1686,7259507,830,6341797,57,588068,1867,3336451,2144,406170,4057,3757476,0,71,6630,5721.29,17946994,14204302,0
2022-06-29,1855,7261362,777,6342574,48,588116,1718,3338169,1927,408097,3685,3761161,0,71,6365,5689.29,17953359,14207022,0
2022-06-30,1866,7263228,807,6343381,46,588162,1735,3339904,2134,410231,3913,3765074,0,71,6632,5656.57,17959991,14209785,0
2022-07-01,1607,7264835,596,6343977,26,588188,1399,3341303,1730,411961,3162,3768236,0,71,5391,5453.86,17965382,14212047,0
2022-07-02,979,7265814,390,6344367,19,588207,841,3342144,940,412901,1799,3770035,1,72,3187,5187.86,17968569,14213452,0
2022-07-03,529,7266343,205,6344572,7,588214,461,3342605,486,413387,950,3770985,0,72,1691,5044.43,17970260,14214196,0
2022-07-04,36,7266379,25,6344597,1,588215,31,3342636,38,413425,69,3771054,0,72,131,4289.57,17970391,14214258,0
2022-07-05,1296,7267675,757,6345354,35,588250,1406,3344042,1739,415164,3176,3774230,0,72,5264,4094.43,17975655,14216377,0
2022-07-06,1612,7269287,677,6346031,44,588294,1443,3345485,1844,417008,3329,3777559,0,72,5662,3994,17981317,14218752,0
2022-07-07,1591,7270878,713,6346744,48,588342,1528,3347013,2000,419008,3567,3781126,0,72,5919,3892.14,17987236,14221143,0
2022-07-08,1633,7272511,651,6347395,37,588379,1476,3348489,1980,420988,3505,3784631,0,72,5827,3954.43,17993063,14223514,0
2022-07-09,985,7273496,435,6347830,26,588405,884,3349373,1347,422335,2262,3786893,0,72,3708,4028.86,17996771,14224991,0
2022-07-10,637,7274133,187,6348017,17,588422,430,3349803,659,422994,1099,3787992,0,72,1940,4064.43,17998711,14225842,0
2022-07-11,1395,7275528,634,6348651,49,588471,1446,3351249,2212,425206,3693,3791685,0,72,5771,4870.14,18004482,14227955,0
2022-07-12,1407,7276935,687,6349338,45,588516,1404,3352653,2514,427720,3993,3795678,0,72,6132,4994.14,18010614,14230169,0
2022-07-13,1614,7278549,726,6350064,37,588553,1525,3354178,2841,430561,4431,3800109,0,72,6808,5157.86,18017422,14232611,0
2022-07-14,1587,7280136,842,6350906,47,588600,1605,3355783,3064,433625,4747,3804856,0,72,7224,5344.29,18024646,14235166,0
2022-07-15,1615,7281751,937,6351843,47,588647,1578,3357361,3059,436684,4697,3809553,0,72,7296,5554.14,18031942,14237825,0
2022-07-16,881,7282632,586,6352429,9,588656,986,3358347,1701,438385,2717,3812270,1,73,4194,5623.57,18036136,14239331,0
2022-07-17,550,7283182,289,6352718,16,588672,527,3358874,1166,439551,1719,3813989,0,73,2574,5714.14,18038710,14240212,0
2022-07-18,1403,7284585,844,6353562,45,588717,1430,3360304,2464,442015,3952,3817941,0,73,6244,5781.71,18044954,14242562,0
2022-07-19,1440,7286025,976,6354538,51,588768,1543,3361847,2803,444818,4438,3822379,0,73,6905,5892.14,18051859,14245121,0
2022-07-20,1380,7287405,1484,6356022,50,588818,1354,3363201,2396,447214,3812,3826191,0,73,6727,5880.57,18058586,14248098,0
2022-07-21,1333,7288738,1435,6357457,50,588868,1396,3364597,2364,449578,3809,3830000,0,73,6627,5795.29,18065213,14250965,0
2022-07-22,1428,7290166,1569,6359026,42,588910,1563,3366160,2857,452435,4503,3834503,0,73,7542,5830.43,18072755,14254087,0
2022-07-23,907,7291073,1103,6360129,17,588927,998,3367158,1554,453989,2588,3837091,3,76,4618,5891,18077373,14256150,0
2022-07-24,483,7291556,642,6360771,14,588941,504,3367662,805,454794,1317,3838408,0,76,2457,5874.29,18079830,14257298,0
2022-07-25,1230,7292786,765,6361536,59,589000,1263,3368925,2065,456859,3381,3841789,0,76,5435,5758.71,18085265,14259405,0
2022-07-26,1234,7294020,1023,6362559,41,589041,1478,3370403,2445,459304,3981,3845770,0,76,6279,5669.29,18091544,14261761,0
2022-07-27,1318,7295338,1278,6363837,42,589083,1393,3371796,2193,461497,3647,3849417,3,79,6289,5606.71,18097833,14264461,0
2022-07-28,1312,7296650,1424,6365261,72,589155,1425,3373221,2217,463714,3692,3853109,1,80,6501,5588.71,18104334,14267319,0
2022-07-29,1318,7297968,1432,6366693,64,589219,1359,3374580,2161,465875,3563,3856672,0,80,6377,5422.29,18110711,14270176,0
2022-07-30,738,7298706,720,6367413,25,589244,795,3375375,961,466836,1778,3858450,0,80,3264,5228.86,18113975,14271684,0
2022-07-31,422,7299128,590,6368003,14,589258,488,3375863,571,467407,1065,3859515,0,80,2091,5176.57,18116066,14272716,0
2022-08-01,1245,7300373,914,6368917,55,589313,1334,3377197,1510,468917,2890,3862405,1,81,5105,5129.43,18121171,14274976,0
2022-08-02,1230,7301603,1014,6369931,73,589386,1350,3378547,1601,470518,2997,3865402,0,81,5314,4991.57,18126485,14277339,0
2022-08-03,1263,7302866,1190,6371121,41,589427,1344,3379891,1532,472050,2916,3868318,1,82,5411,4866.14,18131896,14279873,0
2022-08-04,1190,7304056,1188,6372309,58,589485,1288,3381179,1459,473509,2778,3871096,0,82,5214,4682.29,18137110,14282340,0
2022-08-05,1315,7305371,1451,6373760,49,589534,1316,3382495,1442,474951,2782,3873878,0,82,5597,4570.86,18142707,14285179,0
2022-08-06,696,7306067,844,6374604,14,589548,766,3383261,777,475728,1568,3875446,0,82,3123,4550.71,18145830,14286759,0
2022-08-07,389,7306456,454,6375058,14,589562,428,3383689,358,476086,797,3876243,0,82,1654,4488.29,18147484,14287627,0
2022-08-08,1193,7307649,934,6375992,70,589632,1278,3384967,1186,477272,2494,3878737,0,82,4691,4429.14,18152175,14289854,0
2022-08-09,1134,7308783,890,6376882,38,589670,1232,3386199,1163,478435,2427,3881164,1,83,4490,4311.43,18156665,14291948,0
2022-08-10,1222,7310005,1115,6377997,59,589729,1260,3387459,1247,479682,2542,3883706,0,83,4938,4243.86,18161603,14294379,0
2022-08-11,1279,7311284,1071,6379068,84,589813,1212,3388671,1279,480961,2530,3886236,0,83,4964,4208.14,18166567,14296852,0
2022-08-12,1293,7312577,1411,6380479,55,589868,1269,3389940,1249,482210,2550,3888786,0,83,5309,4167,18171876,14299643,0
2022-08-13,755,7313332,789,6381268,15,589883,764,3390704,634,482844,1416,3890202,0,83,2975,4145.86,18174851,14301220,0
2022-08-14,468,7313800,477,6381745,20,589903,406,3391110,282,483126,691,3890893,0,83,1656,4146.14,18176507,14302188,0
2022-08-15,1246,7315046,1067,6382812,60,589963,1318,3392428,991,484117,2350,3893243,1,84,4724,4150.86,18181231,14304602,0
2022-08-16,1305,7316351,869,6383681,50,590013,1370,3393798,1079,485196,2481,3895724,0,84,4706,4181.71,18185937,14306859,0
2022-08-17,1212,7317563,960,6384641,39,590052,1237,3395035,1005,486201,2281,3898005,1,85,4493,4118.14,18190430,14309109,0
2022-08-18,1168,7318731,944,6385585,45,590097,1269,3396304,949,487150,2243,3900248,0,85,4400,4037.57,18194830,14311291,0
2022-08-19,1254,7319985,1136,6386721,34,590131,1121,3397425,978,488128,2130,3902378,6,91,4560,3930.57,18199390,14313746,0
2022-08-20,591,7320576,492,6387213,16,590147,635,3398060,517,488645,1165,3903543,1,92,2265,3829.14,18201655,14314858,0
2022-08-21,358,7320934,243,6387456,9,590156,382,3398442,267,488912,652,3904195,0,92,1262,3772.86,18202917,14315471,0
2022-08-22,1221,7322155,923,6388379,40,590196,1238,3399680,888,489800,2153,3906348,0,92,4337,3717.57,18207254,14317682,0
2022-08-23,1238,7323393,1050,6389429,48,590244,1384,3401064,962,490762,2374,3908722,3,95,4713,3718.57,18211967,14320046,0
2022-08-24,1265,7324658,1015,6390444,29,590273,1295,3402359,822,491584,2143,3910865,1,96,4454,3713,18216421,14322382,0
2022-08-25,1221,7325879,995,6391439,66,590339,1193,3403552,813,492397,2022,3912887,4,100,4307,3699.71,18220728,14324679,0
2022-08-26,1187,7327066,1179,6392618,56,590395,1194,3404746,780,493177,1995,3914882,1,101,4417,3679.29,18225145,14327121,0
2022-08-27,694,7327760,543,6393161,14,590409,685,3405431,404,493581,1102,3915984,4,105,2357,3692.43,18227502,14328385,0
2022-08-28,378,7328138,240,6393401,10,590419,442,3405873,228,493809,673,3916657,0,105,1301,3698,18228803,14329016,0
2022-08-29,1253,7329391,982,6394383,41,590460,1230,3407103,689,494498,1940,3918597,0,105,4217,3680.86,18233020,14331314,0
2022-08-30,1267,7330658,942,6395325,36,590496,1273,3408376,766,495264,2070,3920667,2,107,4317,3624.29,18237337,14333590,0
2022-08-31,1154,7331812,1014,6396339,43,590539,1105,3409481,573,495837,1699,3922366,0,107,3911,3546.71,18241248,14335823,0
2022-09-01,1026,7332838,963,6397302,51,590590,810,3410291,456,496293,1280,3923646,6,113,3327,3406.71,18244575,14337878,0
2022-09-02,977,7333815,1021,6398323,32,590622,595,3410886,176,496469,778,3924424,92,205,2885,3187.86,18247460,14339900,0
2022-09-03,533,7334348,450,6398773,12,590634,370,3411256,50,496519,424,3924848,314,519,1684,3091.71,18249144,14340850,0
2022-09-04,252,7334600,212,6398985,10,590644,189,3411445,25,496544,216,3925064,312,831,959,3042.86,18250103,14341283,0
2022-09-05,78,7334678,71,6399056,7,590651,44,3411489,16,496560,61,3925125,9,840,226,2472.71,18250329,14341440,0
2022-09-06,1129,7335807,1228,6400284,51,590702,638,3412127,130,496690,777,3925902,1269,2109,4235,2461,18254564,14343638,0
2022-09-07,1474,7337281,1381,6401665,38,590740,485,3412612,156,496846,661,3926563,6446,8555,9122,3205.43,18263686,14345673,0
2022-09-08,1526,7338807,1196,6402861,36,590776,253,3412865,111,496957,380,3926943,7827,16382,9846,4136.71,18273532,14347328,0
2022-09-09,1549,7340356,1610,6404471,49,590825,285,3413150,122,497079,438,3927381,9888,26270,12371,5491.86,18285903,14349404,0
2022-09-10,844,7341200,838,6405309,12,590837,270,3413420,45,497124,328,3927709,5318,31588,6759,6216.86,18292662,14350530,0
2022-09-11,495,7341695,440,6405749,11,590848,86,3413506,30,497154,125,3927834,3941,35529,4529,6726.86,18297191,14351002,0
2022-09-12,1669,7343364,1438,6407187,39,590887,206,3413712,92,497246,332,3928166,11659,47188,13541,8629,18310732,14352586,0
2022-09-13,1398,7344762,1271,6408458,33,590920,221,3413933,118,497364,388,3928554,9733,56921,11738,9700.86,18322470,14354252,0
2022-09-14,1410,7346172,1271,6409729,32,590952,226,3414159,125,497489,390,3928944,11029,67950,13078,10266,18335548,14355950,0
2022-09-15,1560,7347732,1280,6411009,23,590975,227,3414386,109,497598,371,3929315,12085,80035,14108,10874.86,18349656,14357637,0
2022-09-16,1683,7349415,1629,6412638,27,591002,270,3414656,157,497755,482,3929797,13805,93840,16267,11431.43,18365923,14359672,0
2022-09-17,800,7350215,866,6413504,12,591014,275,3414931,78,497833,376,3930173,7003,100843,8412,11667.57,18374335,14360728,0
2022-09-18,518,7350733,410,6413914,7,591021,74,3415005,26,497859,113,3930286,4484,105327,4976,11731.43,18379311,14361120,0
2022-09-19,1549,7352282,1325,6415239,29,591050,227,3415232,98,497957,351,3930637,13812,119139,15516,12013.57,18394827,14362499,0
2022-09-20,1439,7353721,1251,6416490,27,591077,223,3415455,91,498048,361,3930998,13211,132350,15015,12481.71,18409842,14363989,0
2022-09-21,1665,7355386,1352,6417842,31,591108,261,3415716,131,498179,426,3931424,14941,147291,16850,13020.57,18426692,14365506,0
2022-09-22,1470,7356856,1259,6419101,28,591136,174,3415890,139,498318,358,3931782,13231,160522,15051,13155.29,18441743,14367013,0
2022-09-23,1734,7358590,1648,6420749,24,591160,252,3416142,145,498463,460,3932242,16947,177469,19250,13581.43,18460993,14368919,0
2022-09-24,799,7359389,887,6421636,8,591168,272,3416414,68,498531,359,3932601,7505,184974,8854,13644.57,18469847,14369928,0
2022-09-25,484,7359873,391,6422027,1,591169,72,3416486,47,498578,128,3932729,4508,189482,4995,13647.29,18474842,14370296,0
2022-09-26,1568,7361441,1244,6423271,16,591185,290,3416776,144,498722,492,3933221,15012,204494,16711,13818,18491553,14371561,0
2022-09-27,1531,7362972,1307,6424578,26,591211,283,3417059,173,498895,492,3933713,14157,218651,16149,13980,18507702,14373097,0
2022-09-28,1619,7364591,1295,6425873,18,591229,190,3417249,186,499081,430,3934143,15511,234162,17288,14042.57,18524990,14374498,0
2022-09-29,1675,7366266,1298,6427171,19,591248,179,3417428,96,499177,312,3934455,15376,249538,17224,14353,18542214,14376071,0
2022-09-30,1637,7367903,1551,6428722,13,591261,183,3417611,177,499354,406,3934861,16485,266023,18654,14267.86,18560868,14377880,0
2022-10-01,719,7368622,669,6429391,5,591266,138,3417749,34,499388,181,3935042,7053,273076,7942,14137.57,18568810,14378597,0
2022-10-02,511,7369133,427,6429818,5,591271,48,3417797,45,499433,107,3935149,4428,277504,4838,14115.14,18573648,14378914,0
2022-10-03,1550,7370683,1188,6431006,23,591294,156,3417953,113,499546,316,3935465,14572,292076,15976,14010.14,18589624,14380049,0
2022-10-04,1378,7372061,1157,6432163,15,591309,150,3418103,121,499667,299,3935764,13403,305479,14798,13817.14,18604422,14381173,0
2022-10-05,1589,7373650,1283,6433446,17,591326,283,3418386,164,499831,500,3936264,14865,320344,16690,13731.71,18621112,14382551,0
2022-10-06,1486,7375136,1249,6434695,19,591345,166,3418552,160,499991,385,3936649,14956,335300,16619,13645.29,18637731,14383888,0
2022-10-07,1662,7376798,1426,6436121,15,591360,171,3418723,135,500126,367,3937016,17108,352408,19069,13704.57,18656800,14385543,0
2022-10-08,760,7377558,682,6436803,4,591364,146,3418869,62,500188,225,3937241,7714,360122,8642,13804.57,18665442,14386263,0
2022-10-09,485,7378043,409,6437212,5,591369,47,3418916,55,500243,120,3937361,4693,364815,5118,13844.57,18670560,14386586,0
2022-10-10,1543,7379586,1250,6438462,14,591383,174,3419090,120,500363,333,3937694,15206,380021,16509,13920.71,18687069,14387595,0
2022-10-11,1637,7381223,1100,6439562,19,591402,178,3419268,154,500517,388,3938082,14321,394342,15855,14071.71,18702924,14388797,0
2022-10-12,1863,7383086,1320,6440882,17,591419,134,3419402,186,500703,387,3938469,16281,410623,17886,14242.57,18720810,14390082,0
2022-10-13,1614,7384700,1150,6442032,28,591447,135,3419537,201,500904,407,3938876,14036,424659,15573,14093.14,18736383,14391283,0
2022-10-14,1812,7386512,1538,6443570,25,591472,130,3419667,181,501085,364,3939240,17208,441867,19192,14110.71,18755575,14392956,0
2022-10-15,766,7387278,638,6444208,9,591481,90,3419757,68,501153,179,3939419,7615,449482,8472,14086.43,18764047,14393655,0
2022-10-16,564,7387842,410,6444618,3,591484,25,3419782,65,501218,121,3939540,4726,454208,5169,14093.71,18769216,14394008,0
2022-10-17,1814,7389656,1250,6445868,18,591502,83,3419865,116,501334,236,3939776,16073,470281,17394,14220.14,18786610,14395130,0
2022-10-18,1682,7391338,1170,6447038,20,591522,100,3419965,135,501469,282,3940058,14639,484920,16011,14242.43,18802621,14396267,0
2022-10-19,2084,7393422,1330,6448368,21,591543,84,3420049,142,501611,289,3940347,16232,501152,17704,14216.43,18820325,14397513,0
2022-10-20,1683,7395105,1165,6449533,11,591554,88,3420137,147,501758,302,3940649,15402,516554,16850,14398.86,18837175,14398726,0
2022-10-21,1801,7396906,1346,6450879,12,591566,92,3420229,150,501908,297,3940946,16736,533290,18405,14286.43,18855580,14400153,0
2022-10-22,740,7397646,667,6451546,9,591575,44,3420273,46,501954,100,3941046,7690,540980,8419,14278.86,18863999,14400792,0
2022-10-23,519,7398165,370,6451916,3,591578,21,3420294,39,501993,69,3941115,4803,545783,5080,14266.14,18869079,14401009,0
2022-10-24,1741,7399906,1206,6453122,19,591597,70,3420364,112,502105,224,3941339,15557,561340,16843,14187.43,18885922,14402113,0
2022-10-25,1659,7401565,1187,6454309,12,591609,94,3420458,109,502214,232,3941571,15040,576380,16344,14235,18902266,14403214,0
2022-10-26,1854,7403419,1329,6455638,11,591620,90,3420548,168,502382,334,3941905,16817,593197,18287,14318.29,18920553,14404426,0
2022-10-27,1580,7404999,1074,6456712,13,591633,91,3420639,127,502509,271,3942176,15114,608311,16412,14255.71,18936965,14405506,0
2022-10-28,1697,7406696,1424,6458136,17,591650,107,3420746,153,502662,319,3942495,16762,625073,18576,14280.14,18955541,14407060,0
2022-10-29,693,7407389,543,6458679,9,591659,69,3420815,57,502719,140,3942635,7746,632819,8415,14279.57,18963956,14407603,0
2022-10-30,520,7407909,306,6458985,3,591662,19,3420834,57,502776,92,3942727,4491,637310,4779,14236.57,18968735,14407815,0
2022-10-31,1673,7409582,1105,6460090,8,591670,47,3420881,126,502902,217,3942944,14593,651903,15539,14050.29,18984274,14408588,0
2022-11-01,1664,7411246,1020,6461110,18,591688,78,3420959,127,503029,237,3943181,13621,665524,14937,13849.29,18999211,14409699,0
2022-11-02,1734,7412980,1120,6462230,17,591705,90,3421049,123,503152,255,3943436,14875,680399,16147,13543.57,19015358,14410758,0
2022-11-03,1421,7414401,1031,6463261,14,591719,84,3421133,167,503319,328,3943764,12623,693022,13903,13185.14,19029261,14411787,0
2022-11-04,1737,7416138,1216,6464477,14,591733,101,3421234,140,503459,275,3944039,15433,708455,17032,12964.57,19046293,14413145,0
2022-11-05,824,7416962,529,6465006,6,591739,65,3421299,82,503541,161,3944200,7044,715499,7756,12870.43,19054049,14413710,0
2022-11-06,407,7417369,331,6465337,4,591743,20,3421319,49,503590,106,3944306,4072,719571,4412,12818,19058461,14413981,0
2022-11-07,1638,7419007,1067,6466404,14,591757,75,3421394,101,503691,213,3944519,13220,732791,14382,12652.71,19072843,14414967,0
2022-11-08,1531,7420538,1009,6467413,8,591765,97,3421491,132,503823,270,3944789,12066,744857,13330,12423.14,19086173,14416002,0
2022-11-09,1571,7422109,1056,6468469,9,591774,86,3421577,114,503937,247,3945036,12191,757048,13456,12038.71,19099629,14417067,0
2022-11-10,1483,7423592,1010,6469479,14,591788,73,3421650,147,504084,276,3945312,12349,769397,13625,11999,19113254,14418123,0
2022-11-11,1499,7425091,1075,6470554,11,591799,101,3421751,102,504186,224,3945536,12874,782271,14302,11609,19127556,14419348,0
2022-11-12,671,7425762,513,6471067,2,591801,57,3421808,61,504247,128,3945664,6428,788699,7047,11507.71,19134603,14419849,0
2022-11-13,495,7426257,340,6471407,4,591805,15,3421823,68,504315,98,3945762,3892,792591,4209,11478.71,19138812,14420083,0
2022-11-14,1441,7427698,1023,6472430,19,591824,59,3421882,113,504428,203,3945965,11629,804220,12742,11244.43,19151554,14421024,0
2022-11-15,1488,7429186,999,6473429,15,591839,104,3421986,164,504592,294,3946259,11272,815492,12652,11147.57,19164206,14422136,0
2022-11-16,1599,7430785,1034,6474463,21,591860,66,3422052,146,504738,248,3946507,11561,827053,12808,11055,19177014,14423171,0
2022-11-17,1419,7432204,975,6475438,10,591870,72,3422124,189,504927,302,3946809,10538,837591,11866,10803.71,19188880,14424238,0
2022-11-18,1582,7433786,1102,6476540,12,591882,68,3422192,118,505045,216,3947025,12404,849995,13995,10759.86,19202875,14425643,0
2022-11-19,677,7434463,436,6476976,4,591886,57,3422249,63,505108,129,3947154,5912,855907,6569,10691.57,19209444,14426180,0
2022-11-20,476,7434939,304,6477280,4,591890,12,3422261,35,505143,64,3947218,3538,859445,3838,10638.57,19213282,14426433,0
2022-11-21,1516,7436455,918,6478198,4,591894,51,3422312,81,505224,149,3947367,10392,869837,11368,10442.29,19224650,14427277,0
2022-11-22,1269,7437724,817,6479015,7,591901,53,3422365,92,505316,163,3947530,9264,879101,10289,10104.71,19234939,14428157,0
2022-11-23,1289,7439013,734,6479749,11,591912,65,3422430,80,505396,171,3947701,8669,887770,9609,9647.71,19244548,14428952,0
2022-11-24,18,7439031,10,6479759,2,591914,0,3422430,6,505402,8,3947709,112,887882,137,7972.14,19244685,14428971,0
2022-11-25,679,7439710,475,6480234,14,591928,37,3422467,55,505457,111,3947820,5682,893564,6419,6889.86,19251104,14429616,0
2022-11-26,591,7440301,378,6480612,2,591930,15,3422482,43,505500,62,3947882,4895,898459,5330,6712.86,19256434,14429993,0
2022-11-27,396,7440697,218,6480830,1,591931,11,3422493,23,505523,49,3947931,3170,901629,3351,6643.29,19259785,14430140,0
2022-11-28,947,7441644,699,6481529,10,591941,59,3422552,65,505588,145,3948076,6949,908578,7917,6150.29,19267702,14430984,0
2022-11-29,925,7442569,709,6482238,8,591949,46,3422598,72,505660,144,3948220,6928,915506,7965,5818.29,19275667,14431903,0
2022-11-30,1213,7443782,865,6483103,16,591965,50,3422648,54,505714,123,3948343,8724,924230,9732,5835.86,19285399,14432807,0
2022-12-01,1128,7444910,766,6483869,13,591978,61,3422709,96,505810,183,3948526,8467,932697,9537,7178.71,19294936,14433720,0
2022-12-02,1315,7446225,972,6484841,14,591992,70,3422779,105,505915,195,3948721,10211,942908,11538,7910,19306474,14434872,0
2022-12-03,615,7446840,422,6485263,12,592004,42,3422821,42,505957,87,3948808,4949,947857,5475,7930.71,19311949,14435314,0
2022-12-04,418,7447258,283,6485546,4,592008,7,3422828,26,505983,40,3948848,3269,951126,3496,7951.43,19315445,14435508,0
2022-12-05,1161,7448419,768,6486314,15,592023,62,3422890,71,506054,149,3948997,8601,959727,9611,8193.43,19325056,14436385,0
2022-12-06,1163,7449582,764,6487078,13,592036,69,3422959,89,506143,176,3949173,8126,967853,9125,8359.14,19334181,14437226,0
2022-12-07,1207,7450789,751,6487829,12,592048,62,3423021,81,506224,163,3949336,8296,976149,9314,8299.43,19343495,14438101,0
2022-12-08,1101,7451890,740,6488569,14,592062,69,3423090,77,506301,166,3949502,8671,984820,9701,8322.86,19353196,14438985,0
2022-12-09,1231,7453121,971,6489540,13,592075,81,3423171,103,506404,210,3949712,10404,995224,11771,8356.14,19364967,14440168,0
2022-12-10,677,7453798,461,6490001,7,592082,36,3423207,74,506478,128,3949840,6146,1001370,6714,8533.14,19371681,14440626,0
2022-12-11,431,7454229,263,6490264,4,592086,11,3423218,35,506513,56,3949896,3683,1005053,3885,8588.71,19375566,14440782,0
2022-12-12,1333,7455562,803,6491067,19,592105,78,3423296,105,506618,209,3950105,9969,1015022,11016,8789.43,19386582,14441646,0
2022-12-13,1276,7456838,845,6491912,17,592122,54,3423350,101,506719,190,3950295,9696,1024718,10753,9022,19397335,14442548,0
2022-12-14,1192,7458030,830,6492742,12,592134,67,3423417,99,506818,192,3950487,9632,1034350,10611,9207.29,19407946,14443361,0
2022-12-15,1191,7459221,695,6493437,11,592145,62,3423479,109,506927,186,3950673,8445,1042795,9415,9166.43,19417361,14444160,0
2022-12-16,1202,7460423,806,6494243,12,592157,69,3423548,126,507053,217,3950890,9357,1052152,10532,8989.43,19427893,14445140,0
2022-12-17,651,7461074,464,6494707,8,592165,31,3423579,36,507089,80,3950970,5831,1057983,6305,8931,19434198,14445547,0
2022-12-18,440,7461514,230,6494937,2,592167,15,3423594,23,507112,48,3951018,3402,1061385,3609,8891.57,19437807,14445716,0
2022-12-19,1222,7462736,775,6495712,7,592174,57,3423651,84,507196,155,3951173,8907,1070292,9840,8723.57,19447647,14446508,0
2022-12-20,1208,7463944,763,6496475,18,592192,83,3423734,138,507334,277,3951450,8585,1078877,9718,8575.71,19457365,14447420,0
2022-12-21,1092,7465036,695,6497170,16,592208,54,3423788,95,507429,180,3951630,8283,1087160,9160,8368.43,19466525,14448148,0
2022-12-22,989,7466025,588,6497758,4,592212,44,3423832,73,507502,134,3951764,6938,1094098,7671,8119.29,19474196,14448764,0
2022-12-23,830,7466855,505,6498263,11,592223,41,3423873,58,507560,112,3951876,5915,1100013,6521,7546.29,19480717,14449271,0
2022-12-24,191,7467046,112,6498375,1,592224,2,3423875,15,507575,20,3951896,1378,1101391,1497,6859.43,19482214,14449373,0
2022-12-25,8,7467054,3,6498378,0,592224,2,3423877,0,507575,2,3951898,29,1101420,37,6349.14,19482251,14449379,0
2022-12-26,572,7467626,269,6498647,16,592240,19,3423896,22,507597,44,3951942,3305,1104725,3616,5460,19485867,14449649,0
2022-12-27,1085,7468711,604,6499251,13,592253,55,3423951,60,507657,124,3952066,7233,1111958,8032,5219.14,19493899,14450333,0
2022-12-28,1062,7469773,560,6499811,8,592261,58,3424009,64,507721,132,3952198,6988,1118946,7783,5022.43,19501682,14451006,0
2022-12-29,1014,7470787,585,6500396,9,592270,50,3424059,90,507811,163,3952361,6592,1125538,7424,4987.14,19509106,14451698,0
2022-12-30,950,7471737,538,6500934,9,592279,49,3424108,50,507861,109,3952470,6134,1131672,6859,5035.43,19515965,14452324,0
2022-12-31,307,7472044,167,6501101,4,592283,17,3424125,10,507871,30,3952500,1812,1133484,1990,5105.86,19517955,14452475,0
2023-01-01,19,7472063,9,6501110,0,592283,3,3424128,5,507876,8,3952508,59,1133543,86,5112.86,19518041,14452494,0
2023-01-02,654,7472717,328,6501438,10,592293,14,3424142,24,507900,44,3952552,3655,1137198,4002,5168,19522043,14452803,0
2023-01-03,967,7473684,592,6502030,9,592302,41,3424183,58,507958,111,3952663,5478,1142676,6266,4915.71,19528309,14453492,0
2023-01-04,1106,7474790,676,6502706,17,592319,52,3424235,63,508021,133,3952796,6179,1148855,7059,4812.29,19535368,14454257,0
2023-01-05,1009,7475799,587,6503293,23,592342,35,3424270,89,508110,143,3952939,5765,1154620,6695,4708.14,19542063,14455063,0
2023-01-06,1049,7476848,781,6504074,17,592359,50,3424320,81,508191,142,3953081,6502,1161122,7553,4807.29,19549616,14455983,0
2023-01-07,602,7477450,430,6504504,8,592367,23,3424343,34,508225,63,3953144,4454,1165576,4914,5225,19554530,14456386,0
2023-01-08,376,7477826,246,6504750,4,592371,12,3424355,29,508254,45,3953189,2560,1168136,2770,5608.43,19557300,14456555,0
2023-01-09,955,7478781,583,6505333,17,592388,52,3424407,41,508295,102,3953291,5608,1173744,6451,5958.29,19563751,14457305,0
2023-01-10,859,7479640,642,6505975,8,592396,49,3424456,85,508380,151,3953442,5340,1179084,6249,5955.86,19570000,14458080,0
2023-01-11,876,7480516,554,6506529,21,592417,46,3424502,68,508448,137,3953579,5166,1184250,5979,5801.57,19575979,14458779,0
2023-01-12,777,7481293,496,6507025,24,592441,54,3424556,120,508568,197,3953776,4535,1188785,5480,5628,19581459,14459550,0
2023-01-13,800,7482093,555,6507580,11,592452,69,3424625,58,508626,143,3953919,5376,1194161,6265,5444,19587724,14460312,0
2023-01-14,510,7482603,280,6507860,10,592462,27,3424652,31,508657,60,3953979,3228,1197389,3633,5261,19591357,14460659,0
2023-01-15,286,7482889,151,6508011,6,592468,16,3424668,23,508680,54,3954033,1793,1199182,1998,5150.71,19593355,14460825,0
2023-01-16,500,7483389,308,6508319,11,592479,31,3424699,27,508707,63,3954096,2776,1201958,3212,4688,19596567,14461203,0
2023-01-17,802,7484191,476,6508795,19,592498,49,3424748,73,508780,135,3954231,3831,1205789,4697,4466.29,19601264,14461947,0
2023-01-18,798,7484989,479,6509274,16,592514,48,3424796,61,508841,116,3954347,3732,1209521,4539,4260.57,19605803,14462645,0
2023-01-19,658,7485647,431,6509705,6,592520,50,3424846,34,508875,103,3954450,3166,1212687,3913,4036.71,19609716,14463308,0
2023-01-20,708,7486355,488,6510193,23,592543,40,3424886,39,508914,86,3954536,3746,1216433,4531,3789,19614247,14464014,0
2023-01-21,370,7486725,195,6510388,12,592555,20,3424906,12,508926,33,3954569,1894,1218327,2204,3584.86,19616451,14464292,0
2023-01-22,226,7486951,63,6510451,5,592560,0,3424906,2,508928,3,3954572,863,1219190,969,3437.86,19617420,14464396,0
2023-01-23,641,7487592,331,6510782,12,592572,14,3424920,45,508973,66,3954638,2707,1221897,3370,3460.43,19620790,14465000,0
2023-01-24,576,7488168,393,6511175,17,592589,37,3424957,33,509006,83,3954721,3057,1224954,3708,3319.14,19624498,14465581,0
2023-01-25,602,7488770,365,6511540,21,592610,33,3424990,41,509047,86,3954807,2708,1227662,3386,3154.43,19627884,14466185,0
2023-01-26,558,7489328,352,6511892,18,592628,35,3425025,51,509098,102,3954909,2695,1230357,3357,3075,19631241,14466761,0
2023-01-27,564,7489892,437,6512329,11,592639,35,3425060,49,509147,91,3955000,2820,1233177,3557,2935.86,19634798,14467414,0
2023-01-28,359,7490251,187,6512516,5,592644,24,3425084,39,509186,70,3955070,1588,1234765,1926,2896.14,19636724,14467689,0
2023-01-29,237,7490488,118,6512634,3,592647,12,3425096,10,509196,26,3955096,991,1235756,1144,2921.14,19637868,14467820,0
2023-01-30,601,7491089,400,6513034,18,592665,40,3425136,37,509233,80,3955176,2506,1238262,3230,2901.14,19641098,14468467,0
2023-01-31,512,7491601,356,6513390,12,592677,30,3425166,49,509282,91,3955267,2439,1240701,3069,2809.86,19644167,14469018,0
2023-02-01,487,7492088,337,6513727,16,592693,40,3425206,44,509326,92,3955359,2323,1243024,2969,2750.29,19647136,14469580,0
2023-02-02,462,7492550,350,6514077,13,592706,34,3425240,35,509361,77,3955436,2156,1245180,2778,2667.57,19649914,14470133,0
2023-02-03,545,7493095,393,6514470,14,592720,27,3425267,35,509396,69,3955505,2363,1247543,3068,2597.71,19652982,14470776,0
2023-02-04,243,7493338,158,6514628,11,592731,14,3425281,16,509412,31,3955536,1141,1248684,1403,2523,19654385,14471008,0
2023-02-05,201,7493539,96,6514724,0,592731,2,3425283,15,509427,19,3955555,855,1249539,973,2498.57,19655358,14471109,0
2023-02-06,597,7494136,314,6515038,9,592740,28,3425311,27,509454,64,3955619,2253,1251792,2830,2441.43,19658188,14471631,0
2023-02-07,476,7494612,364,6515402,5,592745,28,3425339,35,509489,71,3955690,2334,1254126,2934,2422.14,19661122,14472168,0
2023-02-08,453,7495065,320,6515722,4,592749,27,3425366,37,509526,70,3955760,2316,1256442,2879,2409.29,19664001,14472667,0
2023-02-09,478,7495543,348,6516070,3,592752,38,3425404,46,509572,98,3955858,2054,1258496,2709,2399.43,19666710,14473238,0
2023-02-10,496,7496039,390,6516460,2,592754,30,3425434,34,509606,88,3955946,2276,1260772,2966,2384.86,19669676,14473864,0
2023-02-11,294,7496333,197,6516657,7,592761,22,3425456,25,509631,48,3955994,1345,1262117,1663,2422,19671339,14474135,0
2023-02-12,184,7496517,81,6516738,0,592761,6,3425462,0,509631,10,3956004,707,1262824,820,2400.14,19672159,14474242,0
2023-02-13,443,7496960,293,6517031,4,592765,21,3425483,26,509657,51,3956055,1758,1264582,2320,2327.29,19674479,14474757,0
2023-02-14,398,7497358,272,6517303,6,592771,30,3425513,22,509679,57,3956112,1691,1266273,2221,2225.43,19676700,14475235,0
2023-02-15,405,7497763,289,6517592,10,592781,24,3425537,28,509707,64,3956176,1745,1268018,2262,2137.29,19678962,14475700,0
2023-02-16,360,7498123,244,6517836,5,592786,27,3425564,19,509726,51,3956227,1630,1269648,2106,2051.14,19681068,14476130,0
2023-02-17,397,7498520,312,6518148,5,592791,24,3425588,32,509758,63,3956290,1696,1271344,2266,1951.14,19683334,14476644,0
2023-02-18,199,7498719,117,6518265,5,592796,13,3425601,4,509762,18,3956308,1005,1272349,1191,1883.71,19684525,14476813,0
2023-02-19,120,7498839,55,6518320,2,592798,6,3425607,6,509768,14,3956322,541,1272890,612,1854,19685137,14476872,0
2023-02-20,314,7499153,160,6518480,3,592801,10,3425617,17,509785,28,3956350,1159,1274049,1424,1726,19686561,14477110,0
2023-02-21,378,7499531,285,6518765,5,592806,25,3425642,34,509819,64,3956414,1534,1275583,2071,1704.57,19688632,14477588,0
2023-02-22,399,7499930,276,6519041,8,592814,39,3425681,26,509845,69,3956483,1639,1277222,2171,1691.57,19690803,14478055,0
2023-02-23,388,7500318,251,6519292,10,592824,26,3425707,31,509876,71,3956554,1479,1278701,2023,1679.71,19692826,14478542,0
2023-02-24,365,7500683,325,6519617,4,592828,30,3425737,26,509902,63,3956617,1737,1280438,2297,1684.14,19695123,14479046,0
2023-02-25,163,7500846,123,6519740,2,592830,9,3425746,13,509915,24,3956641,778,1281216,973,1653,19696096,14479219,0
2023-02-26,92,7500938,48,6519788,0,592830,8,3425754,5,509920,17,3956658,468,1281684,535,1642,19696631,14479273,0
2023-02-27,377,7501315,300,6520088,4,592834,31,3425785,20,509940,54,3956712,1492,1283176,2012,1726,19698643,14479742,0
2023-02-28,355,7501670,238,6520326,8,592842,30,3425815,27,509967,62,3956774,1333,1284509,1814,1689.29,19700457,14480166,0
2023-03-01,387,7502057,291,6520617,7,592849,25,3425840,20,509987,51,3956825,1444,1285953,1982,1662.29,19702439,14480659,0
2023-03-02,373,7502430,293,6520910,9,592858,20,3425860,23,510010,50,3956875,1331,1287284,1872,1640.71,19704311,14481157,0
2023-03-03,404,7502834,316,6521226,10,592868,26,3425886,25,510035,58,3956933,1599,1288883,2193,1625.86,19706504,14481700,0
2023-03-04,199,7503033,122,6521348,4,592872,10,3425896,16,510051,28,3956961,795,1289678,1028,1633.71,19707532,14481907,0
2023-03-05,125,7503158,60,6521408,2,592874,4,3425900,6,510057,14,3956975,464,1290142,558,1637,19708090,14481991,0
2023-03-06,404,7503562,264,6521672,12,592886,22,3425922,16,510073,41,3957016,1385,1291527,1890,1619.57,19709980,14482458,0
2023-03-07,362,7503924,244,6521916,5,592891,22,3425944,30,510103,61,3957077,1306,1292833,1771,1613.43,19711751,14482871,0
2023-03-08,370,7504294,245,6522161,3,592894,34,3425978,30,510133,68,3957145,1340,1294173,1836,1592.57,19713587,14483303,0
2023-03-09,360,7504654,242,6522403,4,592898,16,3425994,24,510157,46,3957191,1262,1295435,1747,1574.71,19715334,14483748,0
2023-03-10,301,7504955,282,6522685,3,592901,9,3426003,20,510177,37,3957228,1395,1296830,1849,1525.57,19717183,14484173,0
2023-03-11,188,7505143,88,6522773,3,592904,18,3426021,4,510181,23,3957251,687,1297517,872,1503.29,19718055,14484336,0
2023-03-12,109,7505252,47,6522820,1,592905,4,3426025,7,510188,17,3957268,435,1297952,517,1497.43,19718572,14484407,0
2023-03-13,332,7505584,201,6523021,7,592912,11,3426036,13,510201,25,3957293,1127,1299079,1521,1444.71,19720093,14484777,0
2023-03-14,285,7505869,182,6523203,5,592917,15,3426051,11,510212,32,3957325,1064,1300143,1416,1394,19721509,14485103,0
2023-03-15,329,7506198,269,6523472,3,592920,9,3426060,13,510225,23,3957348,1229,1301372,1678,1371.43,19723187,14485530,0
2023-03-16,302,7506500,240,6523712,9,592929,14,3426074,15,510240,35,3957383,1163,1302535,1585,1348.29,19724772,14485923,0
2023-03-17,327,7506827,265,6523977,5,592934,20,3426094,8,510248,29,3957412,1269,1303804,1701,1327.14,19726473,14486327,0
2023-03-18,158,7506985,101,6524078,2,592936,8,3426102,5,510253,14,3957426,669,1304473,834,1321.71,19727307,14486479,0
2023-03-19,114,7507099,56,6524134,1,592937,3,3426105,3,510256,9,3957435,366,1304839,451,1312.29,19727758,14486558,0
2023-03-20,340,7507439,212,6524346,7,592944,29,3426134,15,510271,45,3957480,1213,1306052,1610,1325,19729368,14486911,0
2023-03-21,342,7507781,191,6524537,7,592951,23,3426157,18,510289,43,3957523,1123,1307175,1531,1341.43,19730899,14487278,0
2023-03-22,316,7508097,226,6524763,6,592957,12,3426169,11,510300,25,3957548,1127,1308302,1526,1319.71,19732425,14487654,0
2023-03-23,272,7508369,203,6524966,1,592958,20,3426189,12,510312,35,3957583,1013,1309315,1407,1294.29,19733832,14488016,0
2023-03-24,313,7508682,257,6525223,8,592966,19,3426208,19,510331,41,3957624,1122,1310437,1587,1278,19735419,14488443,0
2023-03-25,130,7508812,117,6525340,1,592967,9,3426217,9,510340,18,3957642,587,1311024,736,1264,19736155,14488574,0
2023-03-26,80,7508892,41,6525381,2,592969,4,3426221,4,510344,9,3957651,351,1311375,410,1258.14,19736565,14488625,0
2023-03-27,283,7509175,233,6525614,3,592972,14,3426235,11,510355,26,3957677,1008,1312383,1404,1228.71,19737969,14488996,0
2023-03-28,283,7509458,181,6525795,10,592982,20,3426255,9,510364,32,3957709,1010,1313393,1364,1204.86,19739333,14489321,0
2023-03-29,297,7509755,186,6525981,5,592987,13,3426268,9,510373,22,3957731,1061,1314454,1419,1189.57,19740752,14489657,0
2023-03-30,258,7510013,183,6526164,2,592989,17,3426285,10,510383,31,3957762,965,1315419,1312,1176,19742064,14489977,0
2023-03-31,296,7510309,260,6526424,7,592996,22,3426307,20,510403,43,3957805,1018,1316437,1480,1160.71,19743544,14490397,0
2023-04-01,122,7510431,66,6526490,3,592999,8,3426315,5,510408,15,3957820,526,1316963,654,1149,19744198,14490512,0
2023-04-02,92,7510523,35,6526525,0,592999,5,3426320,3,510411,9,3957829,273,1317236,339,1138.86,19744537,14490570,0
2023-04-03,275,7510798,154,6526679,8,593007,19,3426339,15,510426,40,3957869,886,1318122,1202,1110,19745739,14490852,0
2023-04-04,284,7511082,187,6526866,3,593010,13,3426352,10,510436,26,3957895,862,1318984,1210,1088,19746949,14491177,0
2023-04-05,269,7511351,155,6527021,8,593018,17,3426369,7,510443,26,3957921,983,1319967,1276,1067.57,19748225,14491446,0
2023-04-06,343,7511694,159,6527180,9,593027,17,3426386,5,510448,22,3957943,977,1320944,1311,1067.43,19749536,14491758,0
2023-04-07,246,7511940,146,6527326,5,593032,12,3426398,8,510456,20,3957963,748,1321692,1044,1005.14,19750580,14492034,0
2023-04-08,172,7512112,104,6527430,1,593033,5,3426403,10,510466,16,3957979,553,1322245,690,1010.29,19751270,14492156,0
2023-04-09,68,7512180,23,6527453,0,593033,0,3426403,4,510470,4,3957983,204,1322449,246,997,19751516,14492194,0
2023-04-10,285,7512465,180,6527633,6,593039,19,3426422,9,510479,28,3958011,884,1323333,1211,998.29,19752727,14492493,0
2023-04-11,272,7512737,153,6527786,5,593044,15,3426437,9,510488,27,3958038,908,1324241,1212,998.57,19753939,14492773,0
2023-04-12,267,7513004,164,6527950,5,593049,15,3426452,8,510496,25,3958063,812,1325053,1145,979.86,19755084,14493083,0
2023-04-13,250,7513254,137,6528087,8,593057,12,3426464,7,510503,20,3958083,837,1325890,1141,955.57,19756225,14493368,0
2023-04-14,241,7513495,198,6528285,2,593059,6,3426470,10,510513,18,3958101,841,1326731,1167,973.14,19757392,14493678,0
2023-04-15,121,7513616,95,6528380,6,593065,3,3426473,7,510520,11,3958112,408,1327139,554,953.71,19757946,14493814,0
2023-04-16,75,7513691,31,6528411,0,593065,0,3426473,1,510521,1,3958113,264,1327403,305,962.14,19758251,14493854,0
2023-04-17,230,7513921,139,6528550,3,593068,7,3426480,3,510524,10,3958123,710,1328113,990,930.57,19759241,14494124,0
2023-04-18,216,7514137,128,6528678,6,593074,9,3426489,10,510534,20,3958143,746,1328859,974,896.57,19760215,14494333,0
2023-04-19,198,7514335,116,6528794,5,593079,6,3426495,9,510543,15,3958158,808,1329667,966,871,19761181,14494476,0
2023-04-20,231,7514566,143,6528937,2,593081,14,3426509,19,510562,35,3958193,913,1330580,1078,862,19762259,14494608,0
2023-04-21,231,7514797,147,6529084,6,593087,14,3426523,9,510571,25,3958218,1093,1331673,1215,868.86,19763474,14494707,0
2023-04-22,107,7514904,65,6529149,3,593090,9,3426532,4,510575,14,3958232,472,1332145,540,866.86,19764014,14494762,0
2023-04-23,73,7514977,47,6529196,1,593091,2,3426534,2,510577,5,3958237,281,1332426,310,867.57,19764324,14494787,0
2023-04-24,234,7515211,158,6529354,2,593093,11,3426545,7,510584,21,3958258,1016,1333442,1125,886.86,19765449,14494878,0
2023-04-25,244,7515455,147,6529501,6,593099,12,3426557,12,510596,27,3958285,1064,1334506,1168,914.57,19766617,14494958,0
2023-04-26,221,7515676,133,6529634,5,593104,6,3426563,5,510601,13,3958298,960,1335466,1028,923.43,19767645,14495015,0
2023-04-27,277,7515953,169,6529803,1,593105,11,3426574,18,510619,31,3958329,1068,1336534,1157,934.71,19768802,14495075,0
2023-04-28,251,7516204,189,6529992,2,593107,11,3426585,16,510635,32,3958361,1143,1337677,1236,937.71,19770038,14495141,0
2023-04-29,141,7516345,67,6530059,2,593109,4,3426589,6,510641,10,3958371,519,1338196,573,942.43,19770611,14495185,0
2023-04-30,97,7516442,29,6530088,1,593110,6,3426595,3,510644,10,3958381,307,1338503,327,944.86,19770938,14495196,0
2023-05-01,309,7516751,162,6530250,2,593112,9,3426604,9,510653,20,3958401,1080,1339583,1171,951.43,19772109,14495269,0
2023-05-02,251,7517002,146,6530396,3,593115,11,3426615,6,510659,19,3958420,1015,1340598,1070,937.43,19773179,14495307,0
2023-05-03,254,7517256,148,6530544,1,593116,13,3426628,10,510669,24,3958444,971,1341569,1046,940,19774225,14495359,0
2023-05-04,238,7517494,164,6530708,0,593116,12,3426640,8,510677,24,3958468,1055,1342624,1125,935.43,19775350,14495409,0
2023-05-05,303,7517797,161,6530869,1,593117,6,3426646,11,510688,18,3958486,1122,1343746,1172,926.29,19776522,14495442,0
2023-05-06,132,7517929,79,6530948,0,593117,13,3426659,8,510696,23,3958509,494,1344240,557,924,19777079,14495484,0
2023-05-07,77,7518006,36,6530984,0,593117,0,3426659,6,510702,7,3958516,296,1344536,311,921.71,19777390,14495493,0
2023-05-08,264,7518270,150,6531134,0,593117,8,3426667,10,510712,18,3958534,1003,1345539,1055,905.14,19778445,14495527,0
2023-05-09,254,7518524,129,6531263,0,593117,5,3426672,4,510716,13,3958547,992,1346531,1030,899.43,19779475,14495556,0
2023-05-10,244,7518768,130,6531393,1,593118,6,3426678,14,510730,21,3958568,1044,1347575,1102,907.43,19780577,14495594,0
2023-05-11,228,7518996,133,6531526,1,593119,11,3426689,23,510753,39,3958607,1043,1348618,1118,906.43,19781695,14495635,0
2023-05-12,166,7519162,133,6531659,1,593120,4,3426693,10,510763,17,3958624,876,1349494,912,869.29,19782607,14495657,0
2023-05-13,98,7519260,50,6531709,0,593120,1,3426694,5,510768,6,3958630,388,1349882,411,848.43,19783018,14495674,0
2023-05-14,59,7519319,23,6531732,0,593120,2,3426696,0,510768,3,3958633,194,1350076,204,833.14,19783222,14495682,0
2023-05-15,209,7519528,133,6531865,0,593120,4,3426700,8,510776,13,3958646,837,1350913,894,810.14,19784116,14495727,0
2023-05-16,250,7519778,110,6531975,0,593120,6,3426706,7,510783,14,3958660,804,1351717,852,784.71,19784968,14495762,0
2023-05-17,210,7519988,110,6532085,0,593120,4,3426710,5,510788,11,3958671,884,1352601,931,760.29,19785899,14495800,0
2023-05-18,221,7520209,108,6532193,0,593120,12,3426722,14,510802,29,3958700,766,1353367,826,718.57,19786725,14495834,0
2023-05-19,192,7520401,125,6532318,0,593120,9,3426731,10,510812,21,3958721,814,1354181,868,712.29,19787593,14495869,0
2023-05-20,125,7520526,44,6532362,0,593120,4,3426735,5,510817,10,3958731,350,1354531,394,709.86,19787987,14495904,0
2023-05-21,62,7520588,18,6532380,0,593120,2,3426737,1,510818,4,3958735,180,1354711,195,708.57,19788182,14495916,0
2023-05-22,222,7520810,99,6532479,0,593120,4,3426741,3,510821,7,3958742,795,1355506,822,698.29,19789004,14495936,0
2023-05-23,213,7521023,103,6532582,0,593120,12,3426753,6,510827,19,3958761,734,1356240,788,689.14,19789792,14495972,0
2023-05-24,217,7521240,128,6532710,2,593122,11,3426764,8,510835,22,3958783,819,1357059,870,680.43,19790662,14496004,0
2023-05-25,187,7521427,99,6532809,1,593123,4,3426768,6,510841,10,3958793,737,1357796,762,671.29,19791424,14496019,0
2023-05-26,178,7521605,143,6532952,0,593123,8,3426776,6,510847,15,3958808,749,1358545,795,660.86,19792219,14496051,0
2023-05-27,106,7521711,47,6532999,0,593123,5,3426781,6,510853,14,3958822,340,1358885,372,657.71,19792591,14496072,0
2023-05-28,52,7521763,16,6533015,1,593124,0,3426781,0,510853,0,3958822,187,1359072,192,657.29,19792783,14496077,0
2023-05-29,11,7521774,10,6533025,0,593124,1,3426782,0,510853,1,3958823,37,1359109,44,546.14,19792827,14496083,0
2023-05-30,219,7521993,113,6533138,0,593124,4,3426786,2,510855,7,3958830,797,1359906,824,551.29,19793651,14496104,0
2023-05-31,181,7522174,114,6533252,0,593124,8,3426794,2,510857,10,3958840,731,1360637,758,535.29,19794409,14496121,0
2023-06-01,180,7522354,92,6533344,1,593125,1,3426795,6,510863,7,3958847,701,1361338,721,529.43,19795130,14496134,0
2023-06-02,225,7522579,105,6533449,0,593125,7,3426802,2,510865,9,3958856,747,1362085,790,528.71,19795920,14496168,0
2023-06-03,89,7522668,37,6533486,0,593125,2,3426804,0,510865,2,3958858,341,1362426,362,527.29,19796282,14496187,0
2023-06-04,66,7522734,18,6533504,0,593125,2,3426806,3,510868,5,3958863,202,1362628,215,530.57,19796497,14496195,0
2023-06-05,198,7522932,95,6533599,0,593125,4,3426810,4,510872,10,3958873,709,1363337,738,629.71,19797235,14496216,0
2023-06-06,168,7523100,101,6533700,0,593125,8,3426818,3,510875,12,3958885,673,1364010,697,611.57,19797932,14496229,0
2023-06-07,172,7523272,97,6533797,2,593127,7,3426825,7,510882,14,3958899,711,1364721,739,608.86,19798671,14496243,0
2023-06-08,176,7523448,75,6533872,1,593128,3,3426828,10,510892,13,3958912,560,1365281,604,592.14,19799275,14496274,0
2023-06-09,165,7523613,102,6533974,0,593128,12,3426840,10,510902,22,3958934,690,1365971,732,583.86,19800007,14496294,0
2023-06-10,111,7523724,35,6534009,0,593128,2,3426842,2,510904,5,3958939,298,1366269,323,578.29,19800330,14496315,0
2023-06-11,52,7523776,15,6534024,0,593128,0,3426842,0,510904,0,3958939,174,1366443,180,573.29,19800510,14496321,0
2023-06-12,162,7523938,92,6534116,1,593129,6,3426848,2,510906,9,3958948,653,1367096,672,563.86,19801182,14496332,0
2023-06-13,168,7524106,89,6534205,0,593129,1,3426849,4,510910,5,3958953,650,1367746,663,559,19801845,14496340,0
2023-06-14,164,7524270,103,6534308,0,593129,9,3426858,2,510912,11,3958964,725,1368471,754,561.14,19802599,14496358,0
2023-06-15,152,7524422,85,6534393,2,593131,7,3426865,3,510915,11,3958975,628,1369099,649,567.57,19803248,14496369,0
2023-06-16,200,7524622,88,6534481,0,593131,3,3426868,0,510915,3,3958978,622,1369721,651,556,19803899,14496395,0
2023-06-17,79,7524701,25,6534506,0,593131,2,3426870,2,510917,5,3958983,250,1369971,265,547.71,19804164,14496406,0
2023-06-18,61,7524762,14,6534520,0,593131,1,3426871,0,510917,1,3958984,142,1370113,156,544.29,19804320,14496419,0
2023-06-19,97,7524859,42,6534562,0,593131,2,3426873,2,510919,5,3958989,411,1370524,419,508.14,19804739,14496423,0
2023-06-20,167,7525026,91,6534653,1,593132,3,3426876,1,510920,4,3958993,641,1371165,651,506.43,19805390,14496429,0
2023-06-21,154,7525180,78,6534731,0,593132,10,3426886,1,510921,11,3959004,612,1371777,637,489.71,19806027,14496443,0
2023-06-22,181,7525361,56,6534787,0,593132,5,3426891,2,510923,7,3959011,567,1372344,590,481.29,19806617,14496459,0
2023-06-23,149,7525510,80,6534867,0,593132,5,3426896,0,510923,6,3959017,559,1372903,573,470.14,19807190,14496468,0
2023-06-24,64,7525574,26,6534893,0,593132,1,3426897,3,510926,5,3959022,228,1373131,250,468,19807440,14496486,0
2023-06-25,39,7525613,9,6534902,0,593132,1,3426898,5,510931,6,3959028,94,1373225,117,462.43,19807557,14496503,0
2023-06-26,130,7525743,67,6534969,1,593133,10,3426908,1,510932,11,3959039,505,1373730,533,478.71,19808090,14496520,0
2023-06-27,123,7525866,65,6535034,0,593133,6,3426914,1,510933,8,3959047,477,1374207,497,456.71,19808587,14496533,0
2023-06-28,149,7526015,75,6535109,0,593133,6,3426920,2,510935,8,3959055,616,1374823,637,456.71,19809224,14496546,0
2023-06-29,154,7526169,63,6535172,0,593133,3,3426923,5,510940,8,3959063,533,1375356,553,451.43,19809777,14496558,0
2023-06-30,156,7526325,67,6535239,0,593133,3,3426926,4,510944,8,3959071,524,1375880,537,446.29,19810314,14496564,120000
2023-07-01,53,7526378,26,6535265,0,593133,1,3426927,0,510944,1,3959072,193,1376073,204,439.71,19810518,14496574,120000
2023-07-02,37,7526415,8,6535273,0,593133,0,3426927,0,510944,0,3959072,112,1376185,118,439.86,19810636,14496580,120000
2023-07-03,119,7526534,56,6535329,0,593133,8,3426935,3,510947,11,3959083,430,1376615,448,427.71,19811084,14496587,120000
2023-07-04,1,7526535,2,6535331,0,593133,0,3426935,0,510947,0,3959083,4,1376619,4,357.29,19811088,14496587,120000
2023-07-05,135,7526670,57,6535388,0,593133,6,3426941,1,510948,7,3959090,474,1377093,485,335.57,19811573,14496591,120000
2023-07-06,42,7526712,22,6535410,0,593133,3,3426944,0,510948,3,3959093,155,1377248,163,279.86,19811736,14496596,120000
