"DATE","ADMIN_DOSE1_DAILY","ADMIN_DOSE1_CUMULATIVE","ADMIN_DOSE2_DAILY","ADMIN_DOSE2_CUMULATIVE","ADMIN_SINGLE_DAILY","ADMIN_SINGLE_CUMULATIVE","ADMIN_ALLDOSES_DAILY","ADMIN_ALLDOSES_7DAYAVG","ADMIN_ALLDOSES_CUMULATIVE","INCOMPLETE"
"2020-12-14",78,78,0,0,0,0,78,,78,0
"2020-12-15",2045,2123,2,2,3,3,2050,,2128,0
"2020-12-16",4548,6671,12,14,1,4,4561,,6689,0
"2020-12-17",4515,11186,12,26,0,4,4527,,11216,0
"2020-12-18",5778,16964,25,51,2,6,5805,,17021,0
"2020-12-19",1685,18649,6,57,3,9,1694,,18715,0
"2020-12-20",1108,19757,1,58,1,10,1110,2832.14,19825,0
"2020-12-21",6264,26021,10,68,1,11,6275,3717.43,26100,0
"2020-12-22",9765,35786,18,86,2,13,9785,4822.43,35885,0
"2020-12-23",14233,50019,31,117,2,15,14266,6208.86,50151,0
"2020-12-24",7199,57218,54,171,1,16,7254,6598.43,57405,0
"2020-12-25",179,57397,0,171,0,16,179,5794.71,57584,0
"2020-12-26",4325,61722,35,206,0,16,4360,6175.57,61944,0
"2020-12-27",3830,65552,7,213,0,16,3837,6565.14,65781,0
"2020-12-28",10966,76518,36,249,1,17,11003,7240.57,76784,0
"2020-12-29",10700,87218,23,272,2,19,10725,7374.86,87509,0
"2020-12-30",12773,99991,50,322,0,19,12823,7168.71,100332,0
"2020-12-31",7233,107224,19,341,0,19,7252,7168.43,107584,0
"2021-01-01",166,107390,2,343,1,20,169,7167,107753,0
"2021-01-02",3806,111196,8,351,2,22,3816,7089.29,111569,0
"2021-01-03",3526,114722,18,369,1,23,3545,7047.57,115114,0
"2021-01-04",12189,126911,791,1160,0,23,12980,7330,128094,0
"2021-01-05",13967,140878,2138,3298,0,23,16105,8098.57,144199,0
"2021-01-06",17723,158601,3874,7172,0,23,21597,9352,165796,0
"2021-01-07",16501,175102,5039,12211,3,26,21543,11393.57,187339,0
"2021-01-08",16472,191574,5321,17532,0,26,21793,14482.71,209132,0
"2021-01-09",7665,199239,1437,18969,1,27,9103,15238,218235,0
"2021-01-10",7847,207086,966,19935,0,27,8813,15990.57,227048,0
"2021-01-11",25634,232720,7294,27229,1,28,32929,18840.43,259977,0
"2021-01-12",27891,260611,7784,35013,0,28,35675,21636.14,295652,0
"2021-01-13",31420,292031,9310,44323,1,29,40731,24369.57,336383,0
"2021-01-14",35489,327520,5261,49584,1,30,40751,27113.57,377134,0
"2021-01-15",28965,356485,3561,53145,2,32,32528,28647.14,409662,0
"2021-01-16",30124,386609,2308,55453,0,32,32432,31979.86,442094,0
"2021-01-17",23826,410435,1557,57010,0,32,25383,34347,467477,0
"2021-01-18",26928,437363,2316,59326,0,32,29244,33820.57,496721,0
"2021-01-19",33921,471284,9513,68839,2,34,43436,34929.29,540157,0
"2021-01-20",34441,505725,9348,78187,1,35,43790,35366.29,583947,0
"2021-01-21",25176,530901,7959,86146,0,35,33135,34278.29,617082,0
"2021-01-22",24227,555128,4333,90479,0,35,28560,33711.43,645642,0
"2021-01-23",15302,570430,3183,93662,0,35,18485,31719,664127,0
"2021-01-24",6974,577404,3388,97050,0,35,10362,29573.14,674489,0
"2021-01-25",13022,590426,11677,108727,0,35,24699,28923.86,699188,0
"2021-01-26",16375,606801,10533,119260,0,35,26908,26562.71,726096,0
"2021-01-27",20372,627173,12148,131408,0,35,32520,24952.71,758616,0
"2021-01-28",30422,657595,12655,144063,0,35,43077,26373,801693,0
"2021-01-29",31358,688953,11236,155299,0,35,42594,28377.86,844287,0
"2021-01-30",18415,707368,3655,158954,0,35,22070,28890,866357,0
"2021-01-31",12932,720300,2845,161799,0,35,15777,29663.57,882134,0
"2021-02-01",1108,721408,5272,167071,2,37,6382,27046.86,888516,0
"2021-02-02",2768,724176,9240,176311,2,39,12010,24918.57,900526,0
"2021-02-03",16211,740387,20696,197007,3,42,36910,25545.71,937436,0
"2021-02-04",26746,767133,19152,216159,1,43,45899,25948.86,983335,0
"2021-02-05",27260,794393,19549,235708,0,43,46809,26551,1030144,0
"2021-02-06",22774,817167,11061,246769,0,43,33835,28231.71,1063979,0
"2021-02-07",12066,829233,8102,254871,0,43,20168,28859,1084147,0
"2021-02-08",16785,846018,23098,277969,2,45,39885,33645.14,1124032,0
"2021-02-09",16989,863007,27632,305601,2,47,44623,38304.14,1168655,0
"2021-02-10",19455,882462,28753,334354,1,48,48209,39918.29,1216864,0
"2021-02-11",27725,910187,32877,367231,2,50,60604,42019,1277468,0
"2021-02-12",38281,948468,30142,397373,3,53,68426,45107.14,1345894,0
"2021-02-13",27809,976277,24795,422168,2,55,52606,47788.71,1398500,0
"2021-02-14",16244,992521,23386,445554,0,55,39630,50569,1438130,0
"2021-02-15",12629,1005150,10292,455846,1,56,22922,48145.71,1461052,0
"2021-02-16",14058,1019208,26172,482018,0,56,40230,47518.14,1501282,0
"2021-02-17",16131,1035339,21633,503651,1,57,37765,46026.14,1539047,0
"2021-02-18",11998,1047337,24549,528200,22,79,36569,42592.57,1575616,0
"2021-02-19",13087,1060424,23534,551734,39,118,36660,38054.57,1612276,0
"2021-02-20",11168,1071592,25811,577545,6,124,36985,35823,1649261,0
"2021-02-21",6288,1077880,17287,594832,15,139,23590,33531.57,1672851,0
"2021-02-22",12679,1090559,11611,606443,2,141,24292,33727.29,1697143,0
"2021-02-23",24918,1115477,13928,620371,1,142,38847,33529.71,1735990,0
"2021-02-24",36000,1151477,19759,640130,0,142,55759,36100.29,1791749,0
"2021-02-25",54354,1205831,29408,669538,7,149,83769,42843.14,1875518,0
"2021-02-26",62686,1268517,30908,700446,4,153,93598,50977.14,1969116,0
"2021-02-27",51176,1319693,22050,722496,49,202,73275,56161.43,2042391,0
"2021-02-28",44673,1364366,13368,735864,3,205,58044,61083.43,2100435,0
"2021-03-01",39011,1403377,12046,747910,8,213,51065,64908.14,2151500,0
"2021-03-02",46806,1450183,11765,759675,6,219,58577,67726.71,2210077,0
"2021-03-03",48240,1498423,15372,775047,16,235,63628,68850.86,2273705,0
"2021-03-04",59484,1557907,22100,797147,1088,1323,82672,68694.14,2356377,0
"2021-03-05",60517,1618424,23635,820782,3111,4434,87263,67789.14,2443640,0
"2021-03-06",46898,1665322,18381,839163,5433,9867,70712,67423,2514352,0
"2021-03-07",35959,1701281,14514,853677,6246,16113,56719,67233.71,2571071,0
"2021-03-08",39348,1740629,14286,867963,8553,24666,62187,68822.57,2633258,0
"2021-03-09",38809,1779438,11995,879958,7770,32436,58574,68822.14,2691832,0
"2021-03-10",51370,1830808,14240,894198,5049,37485,70659,69826.57,2762491,0
"2021-03-11",59859,1890667,20659,914857,4566,42051,85084,70171.14,2847575,0
"2021-03-12",51952,1942619,29273,944130,4134,46185,85359,69899.14,2932934,0
"2021-03-13",40496,1983115,26326,970456,5100,51285,71922,70072,3004856,0
"2021-03-14",30667,2013782,15460,985916,4554,55839,50681,69209.43,3055537,0
"2021-03-15",33336,2047118,16231,1002147,4792,60631,54359,68091.14,3109896,0
"2021-03-16",38430,2085548,19355,1021502,4913,65544,62698,68680.29,3172594,0
"2021-03-17",42362,2127910,23626,1045128,4242,69786,70230,68619,3242824,0
"2021-03-18",50373,2178283,25642,1070770,5277,75063,81292,68077.29,3324116,0
"2021-03-19",47614,2225897,28717,1099487,5614,80677,81945,67589.57,3406061,0
"2021-03-20",38528,2264425,24874,1124361,4685,85362,68087,67041.71,3474148,0
"2021-03-21",29242,2293667,18486,1142847,770,86132,48498,66729.86,3522646,0
"2021-03-22",33726,2327393,25540,1168387,4019,90151,63285,68005,3585931,0
"2021-03-23",38215,2365608,31430,1199817,4201,94352,73846,69597.57,3659777,0
"2021-03-24",41345,2406953,36225,1236042,4802,99154,82372,71332.14,3742149,0
"2021-03-25",43252,2450205,48978,1285020,5019,104173,97249,73611.71,3839398,0
"2021-03-26",38354,2488559,53459,1338479,4248,108421,96061,75628.29,3935459,0
"2021-03-27",35652,2524211,43905,1382384,2920,111341,82477,77684,4017936,0
"2021-03-28",26390,2550601,32905,1415289,1470,112811,60765,79436.43,4078701,0
"2021-03-29",34675,2585276,37033,1452322,3231,116042,74939,81101.29,4153640,0
"2021-03-30",40285,2625561,40452,1492774,3680,119722,84417,82611.43,4238057,0
"2021-03-31",49255,2674816,43277,1536051,7423,127145,99955,85123.29,4338012,0
"2021-04-01",50531,2725347,52810,1588861,11140,138285,114481,87585,4452493,0
"2021-04-02",43549,2768896,52819,1641680,11851,150136,108219,89321.86,4560712,0
"2021-04-03",39111,2808007,38323,1680003,9772,159908,87206,89997.43,4647918,0
"2021-04-04",26503,2834510,23801,1703804,3854,163762,54158,89053.57,4702076,0
"2021-04-05",41717,2876227,33678,1737482,11084,174846,86479,90702.14,4788555,0
"2021-04-06",52954,2929181,34368,1771850,12989,187835,100311,92972.71,4888866,0
"2021-04-07",55370,2984551,39666,1811516,14212,202047,109248,94300.29,4998114,0
"2021-04-08",59026,3043577,45479,1856995,16123,218170,120628,95178.43,5118742,0
"2021-04-09",56419,3099996,43664,1900659,17234,235404,117317,96478.14,5236059,0
"2021-04-10",49209,3149205,35352,1936011,12551,247955,97112,97893.29,5333171,0
"2021-04-11",38131,3187336,28680,1964691,7500,255455,74311,100772.29,5407482,0
"2021-04-12",46496,3233832,31469,1996160,13334,268789,91299,101460.86,5498781,0
"2021-04-13",52349,3286181,33349,2029509,358,269147,86056,99424.43,5584837,0
"2021-04-14",50002,3336183,39478,2068987,9,269156,89489,96601.71,5674326,0
"2021-04-15",51986,3388169,43148,2112135,9,269165,95143,92961,5769469,0
"2021-04-16",51024,3439193,41813,2153948,24,269189,92861,89467.29,5862330,0
"2021-04-17",43842,3483035,35305,2189253,4,269193,79151,86901.43,5941481,0
"2021-04-18",28631,3511666,29240,2218493,2,269195,57873,84553.14,5999354,0
"2021-04-19",37355,3549021,36053,2254546,14,269209,73422,81999.29,6072776,0
"2021-04-20",40717,3589738,39242,2293788,16,269225,79975,81130.57,6152751,0
"2021-04-21",38936,3628674,45461,2339249,11,269236,84408,80404.71,6237159,0
"2021-04-22",38514,3667188,48419,2387668,5,269241,86938,79232.57,6324097,0
"2021-04-23",39630,3706818,43856,2431524,5,269246,83491,77894,6407588,0
"2021-04-24",31844,3738662,41216,2472740,46,269292,73106,77030.43,6480694,0
"2021-04-25",18405,3757067,31131,2503871,84,269376,49620,75851.43,6530314,0
"2021-04-26",26863,3783930,40358,2544229,1009,270385,68230,75109.71,6598544,0
"2021-04-27",28614,3812544,46638,2590867,1686,272071,76938,74675.86,6675482,0
"2021-04-28",27130,3839674,56378,2647245,2133,274204,85641,74852,6761123,0
"2021-04-29",28732,3868406,56677,2703922,2099,276303,87508,74933.43,6848631,0
"2021-04-30",30161,3898567,51429,2755351,2000,278303,83590,74947.57,6932221,0
"2021-05-01",22513,3921080,44193,2799544,1141,279444,67847,74196.29,7000068,0
"2021-05-02",11949,3933029,36515,2836059,1077,280521,49541,74185,7049609,0
"2021-05-03",18004,3951033,52663,2888722,2366,282887,73033,74871.14,7122642,0
"2021-05-04",22730,3973763,56237,2944959,2307,285194,81274,75490.57,7203916,0
"2021-05-05",21520,3995283,48429,2993388,2294,287488,72243,73576.57,7276159,0
"2021-05-06",20644,4015927,49744,3043132,2474,289962,72862,71484.29,7349021,0
"2021-05-07",21267,4037194,51716,3094848,2778,292740,75761,70365.86,7424782,0
"2021-05-08",16648,4053842,41607,3136455,1833,294573,60088,69257.43,7484870,0
"2021-05-09",7991,4061833,29350,3165805,1253,295826,38594,67693.57,7523464,0
"2021-05-10",14348,4076181,38230,3204035,2327,298153,54905,65103.86,7578369,0
"2021-05-11",19943,4096124,42705,3246740,2482,300635,65130,62797.57,7643499,0
"2021-05-12",17743,4113867,40131,3286871,3557,304192,61431,61253,7704930,0
"2021-05-13",24909,4138776,40097,3326968,3212,307404,68218,60589.57,7773148,0
"2021-05-14",26960,4165736,42531,3369499,3502,310906,72993,60194.14,7846141,0
"2021-05-15",23656,4189392,34599,3404098,3347,314253,61602,60410.43,7907743,0
"2021-05-16",15553,4204945,19308,3423406,2497,316750,37358,60233.86,7945101,0
"2021-05-17",22594,4227539,28832,3452238,3215,319965,54641,60196.14,7999742,0
"2021-05-18",24585,4252124,31571,3483809,3380,323345,59536,59397,8059278,0
"2021-05-19",24191,4276315,29370,3513179,3014,326359,56575,58703.29,8115853,0
"2021-05-20",24123,4300438,29694,3542873,3115,329474,56932,57091,8172785,0
"2021-05-21",24662,4325100,31587,3574460,3039,332513,59288,55133.14,8232073,0
"2021-05-22",19980,4345080,24112,3598572,2521,335034,46613,52991.86,8278686,0
"2021-05-23",11244,4356324,13666,3612238,1405,336439,26315,51414.29,8305001,0
"2021-05-24",18845,4375169,22897,3635135,2728,339167,44470,49961.29,8349471,0
"2021-05-25",19420,4394589,23100,3658235,2576,341743,45096,47898.43,8394567,0
"2021-05-26",18622,4413211,20802,3679037,2674,344417,42098,45830.29,8436665,0
"2021-05-27",18372,4431583,20943,3699980,2520,346937,41835,43673.57,8478500,0
"2021-05-28",17811,4449394,22630,3722610,2710,349647,43151,41368.29,8521651,0
"2021-05-29",12690,4462084,17605,3740215,1751,351398,32046,39287.29,8553697,0
"2021-05-30",7037,4469121,8907,3749122,1072,352470,17016,37958.86,8570713,0
"2021-05-31",4764,4473885,6854,3755976,1009,353479,12627,33409.86,8583340,0
"2021-06-01",16010,4489895,24920,3780896,2147,355626,43077,33121.43,8626417,0
"2021-06-02",15326,4505221,20120,3801016,2077,357703,37523,32467.86,8663940,0
"2021-06-03",14982,4520203,23471,3824487,2266,359969,40719,32308.43,8704659,0
"2021-06-04",14663,4534866,25626,3850113,2461,362430,42750,32251.14,8747409,0
"2021-06-05",10973,4545839,21842,3871955,1801,364231,34616,32618.29,8782025,0
"2021-06-06",6481,4552320,14349,3886304,1218,365449,22048,33337.14,8804073,0
"2021-06-07",11702,4564022,21521,3907825,2355,367804,35578,36615.86,8839651,0
"2021-06-08",12639,4576661,23774,3931599,2050,369854,38463,35956.71,8878114,0
"2021-06-09",11075,4587736,22693,3954292,2253,372107,36021,35742.14,8914135,0
"2021-06-10",12063,4599799,21911,3976203,2431,374538,36405,35125.86,8950540,0
"2021-06-11",12674,4612473,24823,4001026,2436,376974,39933,34723.43,8990473,0
"2021-06-12",10168,4622641,19112,4020138,1877,378851,31157,34229.29,9021630,0
"2021-06-13",4265,4626906,10888,4031026,1217,380068,16370,33418.14,9038000,0
"2021-06-14",10170,4637076,18993,4050019,2036,382104,31199,32792.57,9069199,0
"2021-06-15",11855,4648931,20801,4070820,1926,384030,34582,32238.14,9103781,0
"2021-06-16",11565,4660496,19168,4089988,1928,385958,32661,31758.14,9136442,0
"2021-06-17",10980,4671476,18455,4108443,1946,387904,31381,31040.43,9167823,0
"2021-06-18",12141,4683617,18161,4126604,2097,390001,32399,29964.14,9200222,0
"2021-06-19",8502,4692119,13305,4139909,1450,391451,23257,28835.57,9223479,0
"2021-06-20",4375,4696494,7117,4147026,919,392370,12411,28270,9235890,0
"2021-06-21",10137,4706631,9836,4156862,1772,394142,21745,26919.43,9257635,0
"2021-06-22",9826,4716457,15475,4172337,1560,395702,26861,25816.43,9284496,0
"2021-06-23",10303,4726760,14890,4187227,1835,397537,27028,25011.71,9311524,0
"2021-06-24",9604,4736364,14446,4201673,1779,399316,25829,24218.57,9337353,0
"2021-06-25",10561,4746925,14175,4215848,1681,400997,26417,23364,9363770,0
"2021-06-26",7806,4754731,10289,4226137,1223,402220,19318,22801.29,9383088,0
"2021-06-27",5044,4759775,5948,4232085,784,403004,11776,22710.57,9394864,0
"2021-06-28",9025,4768800,10162,4242247,1500,404504,20687,22559.43,9415551,0
"2021-06-29",9764,4778564,12115,4254362,1324,405828,23203,22036.86,9438754,0
"2021-06-30",9371,4787935,10690,4265052,1442,407270,21503,21247.57,9460257,0
"2021-07-01",9265,4797200,10669,4275721,1386,408656,21320,20603.43,9481577,0
"2021-07-02",9614,4806814,11167,4286888,1498,410154,22279,20012.29,9503856,0
"2021-07-03",7032,4813846,8237,4295125,1181,411335,16450,19602.57,9520306,0
"2021-07-04",1285,4815131,1319,4296444,562,411897,3166,18372.57,9523472,0
"2021-07-05",6487,4821618,7021,4303465,1188,413085,14696,17516.71,9538168,0
"2021-07-06",9484,4831102,12560,4316025,1276,414361,23320,17533.43,9561488,0
"2021-07-07",8602,4839704,10774,4326799,1371,415732,20747,17425.43,9582235,0
"2021-07-08",8143,4847847,9948,4336747,1221,416953,19312,17138.57,9601547,0
"2021-07-09",8284,4856131,10546,4347293,1233,418186,20063,16822,9621610,0
"2021-07-10",7081,4863212,8479,4355772,1115,419301,16675,16854.14,9638285,0
"2021-07-11",4118,4867330,4506,4360278,697,419998,9321,17733.43,9647606,0
"2021-07-12",8387,4875717,9362,4369640,1217,421215,18966,18343.43,9666572,0
"2021-07-13",9385,4885102,9206,4378846,932,422147,19523,17801,9686095,0
"2021-07-14",8881,4893983,9360,4388206,996,423143,19237,17585.29,9705332,0
"2021-07-15",8658,4902641,8892,4397098,1039,424182,18589,17482,9723921,0
"2021-07-16",9172,4911813,9589,4406687,959,425141,19720,17433,9743641,0
"2021-07-17",6789,4918602,7258,4413945,784,425925,14831,17169.57,9758472,0
"2021-07-18",4241,4922843,4256,4418201,566,426491,9063,17132.71,9767535,0
"2021-07-19",9008,4931851,8321,4426522,988,427479,18317,17040,9785852,0
"2021-07-20",10489,4942340,8615,4435137,969,428448,20073,17118.57,9805925,0
"2021-07-21",9943,4952283,8530,4443667,897,429345,19370,17137.57,9825295,0
"2021-07-22",10550,4962833,8309,4451976,1030,430375,19889,17323.29,9845184,0
"2021-07-23",11065,4973898,8646,4460622,1087,431462,20798,17477.29,9865982,0
"2021-07-24",7350,4981248,6604,4467226,665,432127,14619,17447,9880601,0
"2021-07-25",5480,4986728,2078,4469304,503,432630,8061,17303.86,9888662,0
"2021-07-26",10790,4997518,6860,4476164,830,433460,18480,17327.14,9907142,0
"2021-07-27",11995,5009513,8443,4484607,832,434292,21270,17498.14,9928412,0
"2021-07-28",11771,5021284,7807,4492414,919,435211,20497,17659.14,9948909,0
"2021-07-29",10733,5032017,7201,4499615,928,436139,18862,17512.43,9967771,0
"2021-07-30",14561,5046578,7673,4507288,1093,437232,23327,17873.71,9991098,0
"2021-07-31",9452,5056030,5966,4513254,750,437982,16168,18095,10007266,0
"2021-08-01",6316,5062346,3191,4516445,486,438468,9993,18371,10017259,0
"2021-08-02",12960,5075306,6831,4523276,715,439183,20506,18660.43,10037765,120000
"2021-08-03",14773,5090079,8021,4531297,869,440052,23663,19002.29,10061428,120000
"2021-08-04",16266,5106345,7590,4538887,1288,441340,25144,19666.14,10086572,120000
"2021-08-05",17028,5123373,7344,4546231,1189,442529,25561,20623.14,10112133,120000
"2021-08-06",17284,5140657,7675,4553906,1079,443608,26038,21010.43,10138171,120000
"2021-08-07",10683,5151340,4381,4558287,650,444258,15714,20945.57,10153885,120000
"2021-08-08",3352,5154692,1445,4559732,178,444436,4975,20228.71,10158860,120000
