"DATE","ADMIN_DOSE1_DAILY","ADMIN_DOSE1_CUMULATIVE","ADMIN_DOSE2_DAILY","ADMIN_DOSE2_CUMULATIVE","ADMIN_SINGLE_DAILY","ADMIN_SINGLE_CUMULATIVE","ADMIN_ALLDOSES_DAILY","ADMIN_ALLDOSES_7DAYAVG","ADMIN_ALLDOSES_CUMULATIVE","INCOMPLETE"
"2020-12-14",78,78,0,0,0,0,78,,78,0
"2020-12-15",2050,2128,3,3,4,4,2057,,2135,0
"2020-12-16",4570,6698,13,16,1,5,4584,,6719,0
"2020-12-17",4653,11351,15,31,0,5,4668,,11387,0
"2020-12-18",5799,17150,28,59,2,7,5829,,17216,0
"2020-12-19",1686,18836,5,64,3,10,1694,,18910,0
"2020-12-20",1108,19944,2,66,1,11,1111,2860.14,20021,0
"2020-12-21",6269,26213,12,78,1,12,6282,3746.43,26303,0
"2020-12-22",9773,35986,22,100,2,14,9797,4852.14,36100,0
"2020-12-23",14234,50220,42,142,2,16,14278,6237,50378,0
"2020-12-24",7202,57422,52,194,1,17,7255,6606.57,57633,0
"2020-12-25",179,57601,0,194,0,17,179,5799.43,57812,0
"2020-12-26",4330,61931,35,229,0,17,4365,6181,62177,0
"2020-12-27",3829,65760,9,238,0,17,3838,6570.57,66015,0
"2020-12-28",10976,76736,39,277,1,18,11016,7246.86,77031,0
"2020-12-29",10697,87433,29,306,2,20,10728,7379.86,87759,0
"2020-12-30",12783,100216,47,353,0,20,12830,7173,100589,0
"2020-12-31",7238,107454,23,376,0,20,7261,7173.86,107850,0
"2021-01-01",179,107633,2,378,1,21,182,7174.29,108032,0
"2021-01-02",3806,111439,10,388,2,23,3818,7096.14,111850,0
"2021-01-03",3524,114963,21,409,1,24,3546,7054.43,115396,0
"2021-01-04",12197,127160,794,1203,0,24,12991,7336.57,128387,0
"2021-01-05",13989,141149,2159,3362,0,24,16148,8110.86,144535,0
"2021-01-06",17723,158872,3892,7254,0,24,21615,9365.86,166150,0
"2021-01-07",16429,175301,5137,12391,3,27,21569,11409.86,187719,0
"2021-01-08",16457,191758,5374,17765,0,27,21831,14502.57,209550,0
"2021-01-09",7655,199413,1444,19209,1,28,9100,15257.14,218650,0
"2021-01-10",7886,207299,960,20169,0,28,8846,16014.29,227496,0
"2021-01-11",25628,232927,7317,27486,1,29,32946,18865,260442,0
"2021-01-12",27899,260826,7797,35283,1,30,35697,21657.71,296139,0
"2021-01-13",31447,292273,9319,44602,1,31,40767,24393.71,336906,0
"2021-01-14",35521,327794,5277,49879,1,32,40799,27140.86,377705,0
"2021-01-15",28986,356780,3570,53449,2,34,32558,28673.29,410263,0
"2021-01-16",30154,386934,2317,55766,0,34,32471,32012,442734,0
"2021-01-17",23822,410756,1570,57336,0,34,25392,34375.71,468126,0
"2021-01-18",26917,437673,2344,59680,0,34,29261,33849.29,497387,0
"2021-01-19",33925,471598,9531,69211,1,35,43457,34957.86,540844,0
"2021-01-20",34450,506048,9367,78578,1,36,43818,35393.71,584662,0
"2021-01-21",25197,531245,7981,86559,0,36,33178,34305,617840,0
"2021-01-22",24245,555490,4349,90908,0,36,28594,33738.71,646434,0
"2021-01-23",15301,570791,3191,94099,0,36,18492,31741.71,664926,0
"2021-01-24",6966,577757,3406,97505,0,36,10372,29596,675298,0
"2021-01-25",13019,590776,11699,109204,0,36,24718,28947,700016,0
"2021-01-26",16331,607107,10585,119789,0,36,26916,26584,726932,0
"2021-01-27",20348,627455,12194,131983,0,36,32542,24973.14,759474,0
"2021-01-28",30416,657871,12677,144660,0,36,43093,26389.57,802567,0
"2021-01-29",31337,689208,11279,155939,0,36,42616,28392.71,845183,0
"2021-01-30",18427,707635,3668,159607,0,36,22095,28907.43,867278,0
"2021-01-31",12938,720573,2853,162460,0,36,15791,29681.57,883069,0
"2021-02-01",1122,721695,5287,167747,2,38,6411,27066.29,889480,0
"2021-02-02",2785,724480,9250,176997,2,40,12037,24940.71,901517,0
"2021-02-03",16194,740674,20753,197750,3,43,36950,25570.43,938467,0
"2021-02-04",26744,767418,19191,216941,2,45,45937,25976.71,984404,0
"2021-02-05",27259,794677,19597,236538,0,45,46856,26582.43,1031260,0
"2021-02-06",22755,817432,11082,247620,0,45,33837,28259.86,1065097,0
"2021-02-07",12037,829469,8152,255772,0,45,20189,28888.14,1085286,0
"2021-02-08",16740,846209,23163,278935,2,47,39905,33673,1125191,0
"2021-02-09",16977,863186,27675,306610,2,49,44654,38332.57,1169845,0
"2021-02-10",19430,882616,28811,335421,1,50,48242,39945.71,1218087,0
"2021-02-11",27679,910295,32952,368373,2,52,60633,42045.14,1278720,0
"2021-02-12",38260,948555,30186,398559,3,55,68449,45129.86,1347169,0
"2021-02-13",27772,976327,24834,423393,2,57,52608,47811.43,1399777,0
"2021-02-14",16204,992531,23426,446819,0,57,39630,50588.71,1439407,0
"2021-02-15",12619,1005150,10287,457106,1,58,22907,48160.43,1462314,0
"2021-02-16",14057,1019207,26207,483313,0,58,40264,47533.29,1502578,0
"2021-02-17",16114,1035321,21656,504969,1,59,37771,46037.43,1540349,0
"2021-02-18",11977,1047298,24592,529561,22,81,36591,42602.86,1576940,0
"2021-02-19",13054,1060352,23564,553125,39,120,36657,38061.14,1613597,0
"2021-02-20",11145,1071497,25810,578935,6,126,36961,35825.86,1650558,0
"2021-02-21",6279,1077776,17285,596220,15,141,23579,33532.86,1674137,0
"2021-02-22",12681,1090457,11621,607841,2,143,24304,33732.43,1698441,0
"2021-02-23",24925,1115382,13939,621780,1,144,38865,33532.57,1737306,0
"2021-02-24",35984,1151366,19832,641612,0,144,55816,36110.43,1793122,0
"2021-02-25",54358,1205724,29621,671233,7,151,83986,42881.14,1877108,0
"2021-02-26",62658,1268382,31009,702242,4,155,93671,51026,1970779,0
"2021-02-27",51147,1319529,22114,724356,49,204,73310,56218.71,2044089,0
"2021-02-28",44644,1364173,13424,737780,4,208,58072,61146.29,2102161,0
"2021-03-01",39020,1403193,12114,749894,8,216,51142,64980.29,2153303,0
"2021-03-02",46781,1449974,11858,761752,7,223,58646,67806.14,2211949,0
"2021-03-03",48218,1498192,15443,777195,16,239,63677,68929.14,2275626,0
"2021-03-04",59467,1557659,22172,799367,1088,1327,82727,68749.29,2358353,0
"2021-03-05",60598,1618257,23706,823073,3109,4436,87413,67855.29,2445766,0
"2021-03-06",46901,1665158,18416,841489,5432,9868,70749,67489.43,2516515,0
"2021-03-07",35947,1701105,14551,856040,6238,16106,56736,67298.57,2573251,0
"2021-03-08",39347,1740452,14303,870343,8547,24653,62197,68877.86,2635448,0
"2021-03-09",38790,1779242,12087,882430,7768,32421,58645,68877.71,2694093,0
"2021-03-10",51344,1830586,14343,896773,5048,37469,70735,69886,2764828,0
"2021-03-11",59828,1890414,20761,917534,4570,42039,85159,70233.43,2849987,0
"2021-03-12",51918,1942332,29355,946889,4134,46173,85407,69946.86,2935394,0
"2021-03-13",40496,1982828,26331,973220,5101,51274,71928,70115.29,3007322,0
"2021-03-14",30652,2013480,15515,988735,4545,55819,50712,69254.71,3058034,0
"2021-03-15",33325,2046805,16299,1005034,4785,60604,54409,68142.14,3112443,0
"2021-03-16",38406,2085211,19456,1024490,4914,65518,62776,68732.29,3175219,0
"2021-03-17",42374,2127585,23696,1048186,4243,69761,70313,68672,3245532,0
"2021-03-18",50333,2177918,25759,1073945,5284,75045,81376,68131.57,3326908,0
"2021-03-19",47585,2225503,28809,1102754,5616,80661,82010,67646.29,3408918,0
"2021-03-20",38612,2264115,24954,1127708,4682,85343,68248,67120.57,3477166,0
"2021-03-21",29237,2293352,18532,1146240,771,86114,48540,66810.29,3525706,0
"2021-03-22",33715,2327067,25618,1171858,4023,90137,63356,68088.43,3589062,0
"2021-03-23",38234,2365301,31554,1203412,4202,94339,73990,69690.43,3663052,0
"2021-03-24",41355,2406656,36309,1239721,4826,99165,82490,71430,3745542,0
"2021-03-25",43235,2449891,49085,1288806,5037,104202,97357,73713,3842899,0
"2021-03-26",38348,2488239,53690,1342496,4299,108501,96337,75759.71,3939236,0
"2021-03-27",35699,2523938,44000,1386496,2919,111420,82618,77812.57,4021854,0
"2021-03-28",26389,2550327,32982,1419478,1475,112895,60846,79570.57,4082700,0
"2021-03-29",34699,2585026,37114,1456592,3248,116143,75061,81242.71,4157761,0
"2021-03-30",40348,2625374,40534,1497126,3699,119842,84581,82755.71,4242342,0
"2021-03-31",49272,2674646,43362,1540488,7422,127264,100056,85265.14,4342398,0
"2021-04-01",50532,2725178,52917,1593405,11163,138427,114612,87730.14,4457010,0
"2021-04-02",43538,2768716,52890,1646295,11876,150303,108304,89439.71,4565314,0
"2021-04-03",39105,2807821,38368,1684663,9773,160076,87246,90100.86,4652560,0
"2021-04-04",26493,2834314,23836,1708499,3861,163937,54190,89150,4706750,0
"2021-04-05",41702,2876016,33704,1742203,11112,175049,86518,90786.71,4793268,0
"2021-04-06",52976,2928992,34421,1776624,13104,188153,100501,93061,4893769,0
"2021-04-07",55362,2984354,39742,1816366,14324,202477,109428,94399.86,5003197,0
"2021-04-08",59073,3043427,45557,1861923,16238,218715,120868,95293.57,5124065,0
"2021-04-09",56384,3099811,43755,1905678,17370,236085,117509,96608.57,5241574,0
"2021-04-10",49200,3149011,35384,1941062,12591,248676,97175,98027,5338749,0
"2021-04-11",38118,3187129,28699,1969761,7530,256206,74347,100906.57,5413096,0
"2021-04-12",46486,3233615,31503,2001264,13423,269629,91412,101605.71,5504508,0
"2021-04-13",52366,3285981,33409,2034673,362,269991,86137,99553.71,5590645,0
"2021-04-14",50006,3335987,39545,2074218,20,270011,89571,96717,5680216,0
"2021-04-15",51991,3387978,43224,2117442,13,270024,95228,93054.14,5775444,0
"2021-04-16",51041,3439019,41886,2159328,29,270053,92956,89546.57,5868400,0
"2021-04-17",43762,3482781,35445,2194773,3,270056,79210,86980.14,5947610,0
"2021-04-18",28620,3511401,29247,2224020,7,270063,57874,84626.86,6005484,0
"2021-04-19",37349,3548750,36136,2260156,22,270085,73507,82069,6078991,0
"2021-04-20",40711,3589461,39333,2299489,18,270103,80062,81201.14,6159053,0
"2021-04-21",38867,3628328,45598,2345087,12,270115,84477,80473.43,6243530,0
"2021-04-22",38474,3666802,48542,2393629,4,270119,87020,79300.86,6330550,0
"2021-04-23",39612,3706414,43984,2437613,5,270124,83601,77964.43,6414151,0
"2021-04-24",31864,3738278,41320,2478933,44,270168,73228,77109.86,6487379,0
"2021-04-25",18396,3756674,31139,2510072,84,270252,49619,75930.57,6536998,0
"2021-04-26",26857,3783531,40425,2550497,1013,271265,68295,75186,6605293,0
"2021-04-27",28566,3812097,46756,2597253,1690,272955,77012,74750.29,6682305,0
"2021-04-28",27106,3839203,56387,2653640,2131,275086,85624,74914.14,6767929,0
"2021-04-29",28710,3867913,56737,2710377,2126,277212,87573,74993.14,6855502,0
"2021-04-30",30155,3898068,51526,2761903,2023,279235,83704,75007.86,6939206,0
"2021-05-01",22512,3920580,44235,2806138,1165,280400,67912,74248.43,7007118,0
"2021-05-02",11938,3932518,36524,2842662,1077,281477,49539,74237,7056657,0
"2021-05-03",17997,3950515,52710,2895372,2375,283852,73082,74920.86,7129739,0
"2021-05-04",22729,3973244,56294,2951666,2316,286168,81339,75539,7211078,0
"2021-05-05",21496,3994740,48490,3000156,2303,288471,72289,73634,7283367,0
"2021-05-06",20696,4015436,49843,3049999,2499,290970,73038,71557.57,7356405,0
"2021-05-07",21310,4036746,51779,3101778,2790,293760,75879,70439.71,7432284,0
"2021-05-08",16661,4053407,41636,3143414,1834,295594,60131,69328.14,7492415,0
"2021-05-09",7985,4061392,29351,3172765,1260,296854,38596,67764.86,7531011,0
"2021-05-10",14377,4075769,38254,3211019,2348,299202,54979,65178.71,7585990,0
"2021-05-11",19948,4095717,42788,3253807,2505,301707,65241,62879,7651231,0
"2021-05-12",17829,4113546,40256,3294063,3583,305290,61668,61361.71,7712899,0
"2021-05-13",24948,4138494,40199,3334262,3218,308508,68365,60694.14,7781264,0
"2021-05-14",26986,4165480,42627,3376889,3524,312032,73137,60302.43,7854401,0
"2021-05-15",23684,4189164,34717,3411606,3357,315389,61758,60534.86,7916159,0
"2021-05-16",15542,4204706,19334,3430940,2499,317888,37375,60360.43,7953534,0
"2021-05-17",22628,4227334,28882,3459822,3243,321131,54753,60328.14,8008287,0
"2021-05-18",24596,4251930,31718,3491540,3384,324515,59698,59536.29,8067985,0
"2021-05-19",24194,4276124,29549,3521089,3025,327540,56768,58836.29,8124753,0
"2021-05-20",24148,4300272,29861,3550950,3131,330671,57140,57232.71,8181893,0
"2021-05-21",24676,4324948,31696,3582646,3052,333723,59424,55273.71,8241317,0
"2021-05-22",20004,4344952,24221,3606867,2522,336245,46747,53129.29,8288064,0
"2021-05-23",11239,4356191,13677,3620544,1408,337653,26324,51550.57,8314388,0
"2021-05-24",18846,4375037,22975,3643519,2743,340396,44564,50095,8358952,0
"2021-05-25",19429,4394466,23190,3666709,2588,342984,45207,48024.86,8404159,0
"2021-05-26",18726,4413192,20920,3687629,2684,345668,42330,45962.29,8446489,0
"2021-05-27",18432,4431624,21056,3708685,2521,348189,42009,43800.71,8488498,0
"2021-05-28",17875,4449499,22736,3731421,2719,350908,43330,41501.57,8531828,0
"2021-05-29",12708,4462207,17724,3749145,1752,352660,32184,39421.14,8564012,0
"2021-05-30",7041,4469248,8921,3758066,1073,353733,17035,38094.14,8581047,0
"2021-05-31",4758,4474006,6873,3764939,1010,354743,12641,33533.71,8593688,0
"2021-06-01",16044,4490050,25015,3789954,2157,356900,43216,33249.29,8636904,0
"2021-06-02",15327,4505377,20249,3810203,2087,358987,37663,32582.57,8674567,0
"2021-06-03",15016,4520393,23634,3833837,2276,361263,40926,32427.86,8715493,0
"2021-06-04",14707,4535100,25800,3859637,2476,363739,42983,32378.29,8758476,0
"2021-06-05",10973,4546073,21947,3881584,1801,365540,34721,32740.71,8793197,0
"2021-06-06",6464,4552537,14382,3895966,1220,366760,22066,33459.43,8815263,0
"2021-06-07",11725,4564262,21604,3917570,2368,369128,35697,36753.14,8850960,0
"2021-06-08",12653,4576915,23843,3941413,2058,371186,38554,36087.14,8889514,0
"2021-06-09",11141,4588056,22849,3964262,2283,373469,36273,35888.57,8925787,0
"2021-06-10",12082,4600138,22053,3986315,2456,375925,36591,35269.29,8962378,0
"2021-06-11",12704,4612842,24955,4011270,2461,378386,40120,34860.29,9002498,0
"2021-06-12",10190,4623032,19218,4030488,1879,380265,31287,34369.71,9033785,0
"2021-06-13",4256,4627288,10912,4041400,1219,381484,16387,33558.43,9050172,0
"2021-06-14",10198,4637486,19096,4060496,2042,383526,31336,32935.43,9081508,0
"2021-06-15",11888,4649374,20860,4081356,1937,385463,34685,32382.71,9116193,0
"2021-06-16",11591,4660965,19299,4100655,1951,387414,32841,31892.43,9149034,0
"2021-06-17",11045,4672010,18617,4119272,1964,389378,31626,31183.14,9180660,0
"2021-06-18",12175,4684185,18340,4137612,2108,391486,32623,30112.14,9213283,0
"2021-06-19",8505,4692690,13454,4151066,1457,392943,23416,28987.71,9236699,0
"2021-06-20",4355,4697045,7155,4158221,923,393866,12433,28422.86,9249132,0
"2021-06-21",10182,4707227,9916,4168137,1794,395660,21892,27073.71,9271024,0
"2021-06-22",9836,4717063,15544,4183681,1579,397239,26959,25970,9297983,0
"2021-06-23",10327,4727390,15025,4198706,1856,399095,27208,25165.29,9325191,0
"2021-06-24",9685,4737075,14596,4213302,1794,400889,26075,24372.29,9351266,0
"2021-06-25",10591,4747666,14273,4227575,1710,402599,26574,23508.14,9377840,0
"2021-06-26",7833,4755499,10375,4237950,1235,403834,19443,22940.57,9397283,0
"2021-06-27",5031,4760530,5968,4243918,794,404628,11793,22849.14,9409076,0
"2021-06-28",9037,4769567,10230,4254148,1527,406155,20794,22692.29,9429870,0
"2021-06-29",9748,4779315,12200,4266348,1341,407496,23289,22168,9453159,0
"2021-06-30",9430,4788745,10832,4277180,1477,408973,21739,21386.71,9474898,0
"2021-07-01",9357,4798102,10823,4288003,1415,410388,21595,20746.71,9496493,0
"2021-07-02",9676,4807778,11307,4299310,1535,411923,22518,20167.29,9519011,0
"2021-07-03",7055,4814833,8345,4307655,1192,413115,16592,19760,9535603,0
"2021-07-04",1296,4816129,1322,4308977,567,413682,3185,18530.29,9538788,0
"2021-07-05",6483,4822612,7052,4316029,1205,414887,14740,17665.43,9553528,0
"2021-07-06",9528,4832140,12701,4328730,1297,416184,23526,17699.29,9577054,0
"2021-07-07",8658,4840798,10967,4339697,1406,417590,21031,17598.14,9598085,0
"2021-07-08",8179,4848977,10087,4349784,1255,418845,19521,17301.86,9617606,0
"2021-07-09",8357,4857334,10709,4360493,1273,420118,20339,16990.57,9637945,0
"2021-07-10",7109,4864443,8575,4369068,1130,421248,16814,17022.29,9654759,0
"2021-07-11",4113,4868556,4520,4373588,701,421949,9334,17900.71,9664093,0
"2021-07-12",8419,4876975,9451,4383039,1235,423184,19105,18524.29,9683198,0
"2021-07-13",9447,4886422,9267,4392306,946,424130,19660,17972,9702858,0
"2021-07-14",8984,4895406,9448,4401754,1000,425130,19432,17743.57,9722290,0
"2021-07-15",8745,4904151,9046,4410800,1043,426173,18834,17645.43,9741124,0
"2021-07-16",9214,4913365,9686,4420486,967,427140,19867,17578,9760991,0
"2021-07-17",6857,4920222,7342,4427828,789,427929,14988,17317.14,9775979,0
"2021-07-18",4260,4924482,4272,4432100,568,428497,9100,17283.71,9785079,0
"2021-07-19",9077,4933559,8381,4440481,993,429490,18451,17190.29,9803530,0
"2021-07-20",10579,4944138,8669,4449150,989,430479,20237,17272.71,9823767,0
"2021-07-21",10059,4954197,8656,4457806,903,431382,19618,17299.29,9843385,0
"2021-07-22",10644,4964841,8444,4466250,1038,432420,20126,17483.86,9863511,0
"2021-07-23",11211,4976052,8783,4475033,1101,433521,21095,17659.29,9884606,0
"2021-07-24",7409,4983461,6697,4481730,669,434190,14775,17628.86,9899381,0
"2021-07-25",5486,4988947,2104,4483834,506,434696,8096,17485.43,9907477,0
"2021-07-26",10871,4999818,6942,4490776,853,435549,18666,17516.14,9926143,0
"2021-07-27",12053,5011871,8519,4499295,849,436398,21421,17685.29,9947564,0
"2021-07-28",11963,5023834,7955,4507250,933,437331,20851,17861.43,9968415,0
"2021-07-29",10931,5034765,7338,4514588,973,438304,19242,17735.14,9987657,0
"2021-07-30",14915,5049680,7928,4522516,1136,439440,23979,18147.14,10011636,0
"2021-07-31",9754,5059434,6272,4528788,813,440253,16839,18442,10028475,0
"2021-08-01",6496,5065930,3293,4532081,554,440807,10343,18763,10038818,0
"2021-08-02",13416,5079346,7109,4539190,838,441645,21363,19148.29,10060181,0
"2021-08-03",15352,5094698,8301,4547491,1006,442651,24659,19610.86,10084840,0
"2021-08-04",17143,5111841,8007,4555498,1422,444073,26572,20428.14,10111412,0
"2021-08-05",17777,5129618,7785,4563283,1335,445408,26897,21521.71,10138309,0
"2021-08-06",18138,5147756,8282,4571565,1218,446626,27638,22044.43,10165947,0
"2021-08-07",13351,5161107,5972,4577537,794,447420,20117,22512.71,10186064,0
"2021-08-08",9321,5170428,3815,4581352,396,447816,13532,22968.29,10199596,0
"2021-08-09",21256,5191684,8425,4589777,955,448771,30636,24293,10230232,0
"2021-08-10",18850,5210534,9214,4598991,886,449657,28950,24906,10259182,0
"2021-08-11",15552,5226086,8224,4607215,810,450467,24586,24622.29,10283768,0
"2021-08-12",15026,5241112,8860,4616075,920,451387,24806,24323.57,10308574,0
"2021-08-13",14862,5255974,9149,4625224,899,452286,24910,23933.86,10333484,0
"2021-08-14",10409,5266383,6343,4631567,618,452904,17370,23541.43,10350854,0
"2021-08-15",6707,5273090,4450,4636017,671,453575,11828,23298,10362682,0
"2021-08-16",15670,5288760,9185,4645202,1139,454714,25994,22634.86,10388676,0
"2021-08-17",17713,5306473,10343,4655545,1197,455911,29253,22678.14,10417929,0
"2021-08-18",17424,5323897,10196,4665741,1216,457127,28836,23285.29,10446765,0
"2021-08-19",16216,5340113,9348,4675089,1295,458422,26859,23578.57,10473624,0
"2021-08-20",16117,5356230,11386,4686475,1214,459636,28717,24122.43,10502341,0
"2021-08-21",11140,5367370,7954,4694429,845,460481,19939,24489.43,10522280,0
"2021-08-22",4078,5371448,3878,4698307,260,460741,8216,23973.43,10530496,0
"2021-08-23",15482,5386930,11621,4709928,993,461734,28096,24273.71,10558592,0
"2021-08-24",16811,5403741,12423,4722351,972,462706,30206,24409.86,10588798,0
"2021-08-25",14445,5418186,12247,4734598,1080,463786,27772,24257.86,10616570,0
"2021-08-26",16027,5434213,13848,4748446,1051,464837,30926,24838.86,10647496,0
"2021-08-27",14675,5448888,14614,4763060,936,465773,30225,25054.29,10677721,0
"2021-08-28",10682,5459570,11368,4774428,821,466594,22871,25473.14,10700592,0
"2021-08-29",7211,5466781,7435,4781863,521,467115,15167,26466.14,10715759,0
"2021-08-30",15393,5482174,16644,4798507,1048,468163,33085,27178.86,10748844,0
"2021-08-31",15353,5497527,15718,4814225,927,469090,31998,27434.86,10780842,0
"2021-09-01",14519,5512046,13705,4827930,962,470052,29186,27636.86,10810028,0
"2021-09-02",14173,5526219,12294,4840224,867,470919,27334,27123.71,10837362,0
"2021-09-03",14791,5541010,14024,4854248,927,471846,29742,27054.71,10867104,0
"2021-09-04",9571,5550581,9229,4863477,650,472496,19450,26566,10886554,0
"2021-09-05",6786,5557367,5465,4868942,420,472916,12671,26209.43,10899225,0
"2021-09-06",5179,5562546,4426,4873368,350,473266,9955,22905.14,10909180,0
"2021-09-07",15250,5577796,17282,4890650,881,474147,33413,23107.29,10942593,0
"2021-09-08",15886,5593682,14491,4905141,1036,475183,31413,23425.43,10974006,0
"2021-09-09",15819,5609501,14392,4919533,1008,476191,31219,23980.43,11005225,0
"2021-09-10",18118,5627619,14869,4934402,1155,477346,34142,24609,11039367,0
"2021-09-11",12293,5639912,9985,4944387,829,478175,23107,25131.43,11062474,0
"2021-09-12",8403,5648315,4953,4949340,701,478876,14057,25329.43,11076531,0
"2021-09-13",16353,5664668,12305,4961645,840,479716,29498,28121.29,11106029,120000
"2021-09-14",15739,5680407,12994,4974639,770,480486,29503,27562.71,11135532,120000
"2021-09-15",14989,5695396,12011,4986650,644,481130,27644,27024.29,11163176,120000
"2021-09-16",14758,5710154,13180,4999830,1079,482209,29017,26709.71,11192193,120000
"2021-09-17",13649,5723803,13010,5012840,773,482982,27432,25751.14,11219625,120000
"2021-09-18",9449,5733252,9533,5022373,708,483690,19690,25263,11239315,120000
"2021-09-19",1931,5735183,2060,5024433,236,483926,4227,23858.71,11243542,120000
